time,flux,flux_err
2335.0020784425797,-0.008609812944692225,nan
2335.009023079052,-0.007870739962723146,nan
2335.0159677159904,-0.013794923951751303,nan
2335.022912352928,-0.014807009884175795,nan
2335.0298569894003,-0.01585271578618424,nan
2335.0368016263383,-0.011928659681469191,nan
2335.0437462632763,-0.012381282593943457,nan
2335.0506908997477,-0.010273439076326399,nan
2335.0576355366857,-0.006543532372285478,nan
2335.064580173158,-0.00465730690716613,nan
2335.0715248100955,-0.0013046720138425796,nan
2335.078469447033,-0.004607752682532357,nan
2335.0854140835054,-0.001993642553925652,nan
2335.0923587204443,-0.001541130891634268,nan
2335.0993033573823,4.934818380237724e-05,nan
2335.1062479938537,-0.0009642289758381196,nan
2335.1131926307917,-0.0013395735812669896,nan
2335.1201372677297,-0.0028828154536718886,nan
2335.127081904201,-0.0005384756008723068,nan
2335.134026541139,-0.006371945639252127,nan
2335.140971178077,-0.006971826664634161,nan
2335.147915814549,-0.012920401861108953,nan
2335.1548604514883,-0.014320209970572706,nan
2335.1618050884263,-0.01322828966173904,nan
2335.1687497248968,-0.012446759846059252,nan
2335.1756943618348,-0.013290331926056241,nan
2335.1826389987737,-0.012874985447753371,nan
2335.189583635245,-0.010612639923806795,nan
2335.196528272183,-0.006230106884374326,nan
2335.203472909121,-0.007593212771224624,nan
2335.210417545593,-0.00768894341418877,nan
2335.2173621825314,-0.009471143583628674,nan
2335.224306819003,-0.008686962570509653,nan
2335.2312514559417,-0.0031098296115366457,nan
2335.2381960928788,-0.006543718731773639,nan
2335.24514072935,0.003782355437900623,nan
2335.252085366288,0.006510563930168096,nan
2335.259030002761,0.00463691404267675,nan
2335.2659746396994,0.0029622817149836805,nan
2335.27291927617,0.0014993591165708177,nan
2335.279863913108,8.849568998159363e-06,nan
2335.2868085495816,-0.0016992179190743577,nan
2335.293753186519,0.006001969821236582,nan
2335.300697823456,0.008966684081225293,nan
2335.3076424599294,0.010646626428871125,nan
2335.3145870964017,0.00840549872613644,nan
2335.321531733339,0.010118513480647504,nan
2335.3284763698102,0.00785669447734716,nan
2335.335421006749,0.01334905287532414,nan
2335.342365643221,0.014466824572942627,nan
2335.3493102801576,0.01749756185225103,nan
2335.356254916631,0.019183848654421333,nan
2335.363199553103,0.01971154902390492,nan
2335.370144190041,0.02068340901514846,nan
2335.3770888265117,0.020959300098703407,nan
2335.3840334629854,0.02197098654147607,nan
2335.390978099924,0.01940830517959613,nan
2335.3979227363952,0.018572168642457067,nan
2335.4048673728666,0.01731282801499441,nan
2335.4118120098055,0.01842597150968482,nan
2335.418756646278,0.017650123599143065,nan
2335.42570128275,0.01709881705976691,nan
2335.4326459192216,0.014056733009844814,nan
2335.439590555695,0.014477723773120912,nan
2335.446535192167,0.013772667035552112,nan
2335.4534798291043,0.011432436207660733,nan
2335.4604244655766,0.007212445426480078,nan
2335.467369102049,0.005041623504118839,nan
2335.4743137385212,-0.0009408286660151505,nan
2335.4812583749917,-0.004898248459412564,nan
2335.4882030114645,-0.005509467721131388,nan
2335.495147647938,-0.009422547895998529,nan
2335.5020922844087,-0.006090835910887105,nan
2335.509036920881,-0.003482718603015203,nan
2335.5159815573543,-0.004743342229269851,nan
2335.5229261938257,-0.005115333690899886,nan
2335.5298708298324,0.00040511972623118175,nan
2335.536815466304,-0.0004626623147465786,nan
2335.5437601027766,0.0032527670793882774,nan
2335.5507047392493,0.001219409154019073,nan
2335.5576493757208,0.0015511369611012488,nan
2335.564594011727,0.0021484109680960026,nan
2335.5715386481997,0.004587425431248238,nan
2335.578483284672,-0.0010311201124389296,nan
2335.5854279206787,0.0006017825439617458,nan
2335.59237255715,0.0009487007828335933,nan
2335.599317193157,-0.004965877720465639,nan
2335.606261829629,-0.009253613662216581,nan
2335.613206465636,-0.013125522621290561,nan
2335.620151102108,-0.01249463044001363,nan
2335.627095738115,-0.010992556873984607,nan
2335.634040374586,-0.015650725935308432,nan
2335.6409850105924,-0.01422175045404113,nan
2335.647929647065,-0.015896362746158715,nan
2335.654874283072,-0.013244320253164896,nan
2335.661818919078,-0.009891485695951205,nan
2335.668763555085,-0.010941747228555093,nan
2335.6757081915566,-0.009496145182652335,nan
2335.6826528275633,-0.009557749130159512,nan
2335.68959746357,-0.01204003947199428,nan
2335.6965420995757,-0.010277982642320785,nan
2335.7034867355833,-0.006988883925136698,nan
2335.710431371589,-0.004118231454760965,nan
2335.7173760075957,0.0007815504650596911,nan
2335.7243206436024,-0.00023147975085956174,nan
2335.7312652796086,-0.0010643479354918717,nan
2335.7382099156157,-0.005280121296788641,nan
2335.7451545516224,-0.007358732445476648,nan
2335.752099187628,-0.005369320659323905,nan
2335.759043823635,-0.0032497835764313046,nan
2335.765988459176,0.0011144225024969576,nan
2335.772933095182,0.002258641120776249,nan
2335.779877731188,0.0010478347054417997,nan
2335.7868223667297,0.0005742025494903311,nan
2335.793767002737,-0.0004963874342334418,nan
2335.800711638277,0.004893044873958224,nan
2335.8076562742817,0.005746926714694775,nan
2335.814600909824,0.0088366627729283,nan
2335.821545545831,0.013551853081065893,nan
2335.8284901813713,0.0080628683390596,nan
2335.835434817377,0.01026997605274195,nan
2335.8423794529185,0.0115800118117374,nan
2335.84932408846,0.01099304973078799,nan
2335.856268724,0.00948557695233021,nan
2335.8632133600067,0.013086432685146518,nan
2335.8701579955487,0.00691748813615721,nan
2335.8771026310887,0.005788119067312518,nan
2335.884047266629,0.007341321809005458,nan
2335.89099190217,0.004461942831495071,nan
2335.8979365377118,0.005707815685783865,nan
2335.904881173252,0.00450496736377147,nan
2335.911825808792,0.0023702305976413193,nan
2335.9187704438673,-0.0013266292554552708,nan
2335.9257150794083,-0.004010288903343602,nan
2335.93265971495,-0.006339581554437562,nan
2335.9396043504903,-0.010047349212458964,nan
2335.9465489855647,-0.015216483067393316,nan
2335.9534936211066,-0.016894879537562503,nan
2335.960438256181,-0.01802609881594193,nan
2335.967382891722,-0.01667793630907005,nan
2335.9743275267983,-0.014705395079211953,nan
2335.9812721623384,-0.015317698199037631,nan
2335.9882167974138,-0.013695363045824707,nan
2335.995161432488,-0.013361494597752016,nan
2336.002106068029,-0.010299147158164178,nan
2336.0090507031045,-0.009056175214153556,nan
2336.015995338181,-0.0053542097491371815,nan
2336.0229399732552,-0.001809780246167375,nan
2336.0298846083297,-0.00488059018207309,nan
2336.036829243405,-0.005296416929541116,nan
2336.0437738784813,-0.004588512831251314,nan
2336.0507185135557,-0.003996802572610654,nan
2336.05766314863,-0.003911198130861188,nan
2336.0646077837064,-0.008383227558698407,nan
2336.071552418316,-0.007906719320168454,nan
2336.0784970533914,-0.012328539846706836,nan
2336.085441688465,-0.011348938570123257,nan
2336.0923863230755,-0.011662446164901752,nan
2336.0993309581518,-0.011424302263164432,nan
2336.1062755927596,-0.014842832833510844,nan
2336.113220227835,-0.010827792219590335,nan
2336.120164862445,-0.009883782699035303,nan
2336.1271094970552,-0.009529834534502284,nan
2336.1340541321297,-0.0063311277885614095,nan
2336.140998766739,-0.005933482361731718,nan
2336.147943401348,-0.009969127018472607,nan
2336.154888035958,-0.008365538721575819,nan
2336.1618326705666,-0.005372771646655478,nan
2336.1687773051763,-0.0028404289837591426,nan
2336.175721939786,0.002564551017161701,nan
2336.1826665743956,0.0011654536570137458,nan
2336.1896112090053,0.002495212540107747,nan
2336.1965558436145,0.003888004065460901,nan
2336.203500477758,0.0017377162101297472,nan
2336.210445112368,-0.0012912213518540272,nan
2336.217389746978,0.0009274953894997939,nan
2336.2243343811224,0.004046919251896125,nan
2336.2312790157303,0.01003369688596703,nan
2336.2382236498743,0.010162256029923461,nan
2336.245168284019,0.007370279376208627,nan
2336.252112918629,0.007425729199115355,nan
2336.259057552772,0.00909444559755962,nan
2336.2660021869156,0.009542495331459205,nan
2336.27294682106,0.013767604949043916,nan
2336.279891455204,0.020581364058742183,nan
2336.286836089347,0.021189070099799368,nan
2336.2937807234916,0.02183676803180222,nan
2336.300725357636,0.0217561501608253,nan
2336.307669991779,0.025201884019320414,nan
2336.3146146259223,0.023998473068585005,nan
2336.3215592600664,0.02208263208669911,nan
2336.3285038937447,0.02195717182374142,nan
2336.3354485278887,0.01960928035321237,nan
2336.342393161566,0.01771540109445155,nan
2336.3493377957093,0.01704690871050503,nan
2336.3562824293886,0.015373042177841023,nan
2336.363227063067,0.016913684863936296,nan
2336.3701716972105,0.015319660010738312,nan
2336.3771163308893,0.011563415855980808,nan
2336.3840609645667,0.011638832352593081,nan
2336.391005598245,0.007818781246136552,nan
2336.3979502319235,1.9684462934987934e-05,nan
2336.404894865602,0.0016905882522322557,nan
2336.4118394992793,-0.003748194138734326,nan
2336.4187841329585,-0.005664728237164476,nan
2336.425728766637,-0.004002125291963088,nan
2336.4326733998487,-0.006147542618538615,nan
2336.439618033526,-0.005395939329346233,nan
2336.4465626672054,-0.005238805390328061,nan
2336.453507300418,-0.00221691606409416,nan
2336.4604519340946,-0.0014682560331887584,nan
2336.4673965673073,-0.0018497985206978734,nan
2336.4743412005205,0.0005410909023246258,nan
2336.4812858341993,0.0016713076000979266,nan
2336.488230467411,0.0031401173638329893,nan
2336.495175100624,0.0033212943372508547,nan
2336.5021197338365,0.0022087586202485243,nan
2336.509064367049,0.007371725251512848,nan
2336.516009000261,0.001636076334115416,nan
2336.5229536334737,-0.0003302469223328275,nan
2336.5298982662216,-0.0003230852982003263,nan
2336.5368428994343,-0.0031203370006185754,nan
2336.543787532645,-0.008881938929643007,nan
2336.550732165392,-0.010990694722085165,nan
2336.557676798606,-0.011669788499021574,nan
2336.564621431352,-0.010638646726293555,nan
2336.5715660645646,-0.010343480237555921,nan
2336.5785106973117,-0.009994969307954654,nan
2336.585455330058,-0.008806073111982296,nan
2336.592399962805,-0.008855990059778579,nan
2336.599344595552,-0.006505578600876777,nan
2336.6062892287637,-0.004428290530660989,nan
2336.613233861045,-0.007173683847419482,nan
2336.620178493791,-0.00944065826197922,nan
2336.6271231265396,-0.004217465708032969,nan
2336.634067759286,-0.0035301185372210026,nan
2336.6410123920323,0.004219224530886578,nan
2336.647957024314,0.005238951285622018,nan
2336.6549016570616,0.005840525277857195,nan
2336.661846289342,0.006754898833539413,nan
2336.668790922088,0.00025213678842389564,nan
2336.6757355543696,-0.002310556555046195,nan
2336.682680186652,-0.002462196120492116,nan
2336.689624818933,-0.0015716911377278014,nan
2336.6965694512137,0.005984744684895391,nan
2336.703514083495,0.0059102346380182635,nan
2336.710458715776,0.006292517873027065,nan
2336.717403348057,0.004868606298087386,nan
2336.7243479803383,0.007006227617554331,nan
2336.7312926126197,0.009048600300421428,nan
2336.7382372449006,0.01566421304287674,nan
2336.745181876716,0.016498011105153823,nan
2336.752126508997,0.016533968815991118,nan
2336.759071140813,0.019410589777276305,nan
2336.7660157726277,0.02024575800616865,nan
2336.7729604049096,0.019907396745361433,nan
2336.7799050367257,0.02463852093789501,nan
2336.7868496685396,0.023846418319588114,nan
2336.7937943003553,0.019427232949605355,nan
2336.8007389321715,0.019385786194622112,nan
2336.8076835639877,0.01996964757537567,nan
2336.8146281958034,0.01925935481350724,nan
2336.821572827618,0.021332847894455415,nan
2336.828517459433,0.01239809683456769,nan
2336.8354620907835,0.012769023078211317,nan
2336.8424067225988,0.012692710248229183,nan
2336.849351353949,0.008437741954091138,nan
2336.8562959857636,0.00516895630515482,nan
2336.8632406171146,-0.0021619635633293166,nan
2336.8701852484637,-0.006358584465698688,nan
2336.8771298798138,-0.009449905935379185,nan
2336.884074511164,-0.008992637405612347,nan
2336.891019142514,-0.010606710920958745,nan
2336.897963773863,-0.012707180288678649,nan
2336.904908405213,-0.012411466978804742,nan
2336.911853036563,-0.008944376094980458,nan
2336.9187976679123,-0.006976731296993277,nan
2336.925742298797,-0.009459176562678029,nan
2336.9326869301467,-0.007499313054008652,nan
2336.939631561031,-0.004005422379726592,nan
2336.9465761923802,-0.008867073041034582,nan
2336.9535208232655,-0.005164830046578361,nan
2336.96046545415,-0.004670617644235486,nan
2336.9674100850343,-0.007036402265944583,nan
2336.9743547163835,-0.005663861805904877,nan
2336.981299347268,-0.007902946568364239,nan
2336.9882439767543,-0.0073558478777167036,nan
2336.9951886076387,-0.008993013914976089,nan
2337.002133238523,-0.01269785508267314,nan
2337.009077868942,-0.01589359406022431,nan
2337.0160224998253,-0.016827279739812157,nan
2337.022967130244,-0.019245313873046926,nan
2337.0299117611285,-0.01992976913070292,nan
2337.036856391547,-0.0193978720901552,nan
2337.0438010224307,-0.01798415470164276,nan
2337.0507456528494,-0.018072643392429547,nan
2337.057690283269,-0.017567207082252734,nan
2337.064634913687,-0.017821080102769504,nan
2337.0715795441047,-0.01475373274886796,nan
2337.0785241745234,-0.015953906263784498,nan
2337.0854688044783,-0.01503637910495273,nan
2337.092413434895,-0.01462036965807939,nan
2337.099358065313,-0.013828786138009669,nan
2337.106302695266,-0.007201152933964311,nan
2337.1132473256857,-0.006921142736141195,nan
2337.120191955638,-0.001504209313385102,nan
2337.1271365860566,-0.0010424841873604013,nan
2337.1340812160097,-0.006001444280303872,nan
2337.1410258459628,-0.011380662030538127,nan
2337.147970475915,-0.012175976340565525,nan
2337.154915105868,-0.010394977396918081,nan
2337.161859735821,0.00022887719459342704,nan
2337.168804365773,0.003142490020028199,nan
2337.1757489952606,0.0038325499581166184,nan
2337.1826936252137,-1.203245021796917e-05,nan
2337.1896382551668,-0.00010492279633790569,nan
2337.1965828846533,0.001263102037821054,nan
2337.2035275141407,0.005217157005348999,nan
2337.2104721440937,0.006272476414567574,nan
2337.217416773581,0.011366696260158765,nan
2337.2243614030676,0.01880070671713452,nan
2337.231306032555,0.017951641471841542,nan
2337.238250662043,0.014820506853021026,nan
2337.24519529153,0.017899641175151415,nan
2337.2521399210173,0.017618019172647978,nan
2337.2590845505047,0.017404747444137142,nan
2337.2660291795246,0.016559976840730822,nan
2337.2729738090125,0.013480024570069138,nan
2337.2799184380347,0.01600989134247438,nan
2337.286863067522,0.014286562076869375,nan
2337.293807696543,0.015137639631860295,nan
2337.3007523255637,0.013474196974828268,nan
2337.3076969545855,0.008547764449033823,nan
2337.314641583608,0.008227327810270385,nan
2337.321586212629,0.004503936678056875,nan
2337.3285308416507,0.003442168199864884,nan
2337.3354754706725,-0.0013742658009749803,nan
2337.3424200992276,-0.0034703692451864,nan
2337.3493647282494,-0.005634246025959619,nan
2337.356309357271,-0.008945688799615187,nan
2337.363253985827,-0.010119389360794068,nan
2337.3701986143833,-0.006963961578108274,nan
2337.377143243404,-0.007049923963324739,nan
2337.38408787196,-0.004501547250413074,nan
2337.3910325005163,-0.004763181500302971,nan
2337.397977129071,-0.0048568306779211146,nan
2337.404921757628,-0.0019959843876501404,nan
2337.411866385719,-0.0008118446278457953,nan
2337.418811014274,0.0014466283793457685,nan
2337.4257556428292,-0.00025705431084495356,nan
2337.43270027092,0.004221648435672604,nan
2337.4396448994767,0.0017112721608824044,nan
2337.446589527566,0.002141667182620044,nan
2337.4535341561213,0.001953074049325959,nan
2337.460478784212,-0.0003687443219993758,nan
2337.467423412302,0.0038369442214327143,nan
2337.4743680403917,-0.007020569238573152,nan
2337.481312668482,-0.009300410689726604,nan
2337.488257296573,-0.008453970578172723,nan
2337.4952019241973,-0.005837885225735431,nan
2337.502146552287,-0.007837943754738341,nan
2337.509091180378,-0.010788201632503658,nan
2337.516035808003,-0.00704049363935963,nan
2337.522980435627,-0.005565440534278043,nan
2337.5299250637163,-0.0028170056510227193,nan
2337.5368696913415,-0.006639068043905072,nan
2337.5438143189667,-0.012884877132721281,nan
2337.5507589465897,-0.0037050168012655593,nan
2337.557703574215,-0.0068169908803908386,nan
2337.5646482018406,-0.0040774866875605,nan
2337.571592829465,-0.00024736353635348984,nan
2337.578537456623,0.004371150180781491,nan
2337.585482084248,0.0059124169501919566,nan
2337.592426711406,0.010434048158094816,nan
2337.5993713390308,-0.0005615159955187632,nan
2337.606315966191,0.0010362267091032773,nan
2337.613260593349,-0.006105793660312525,nan
2337.620205220973,0.0003007677227923333,nan
2337.627149848131,0.0027402507269179005,nan
2337.634094475291,0.00824439482717923,nan
2337.6410391019854,0.008169699323526375,nan
2337.6479837291427,0.007770190492101703,nan
2337.6549283563018,0.006744100761488625,nan
2337.6618729829943,0.007193306671918004,nan
2337.6688176101543,0.009095622524635763,nan
2337.6757622368477,0.014541122250236946,nan
2337.682706864007,0.014160761686455164,nan
2337.6896514907003,0.01677070361995278,nan
2337.696596117392,0.013420194745360214,nan
2337.7035407440853,0.020720224213207586,nan
2337.7104853707797,0.01772816636984978,nan
2337.717429997472,0.01617051253363691,nan
2337.724374623699,0.017981628015654172,nan
2337.7313192503916,0.015513980124629637,nan
2337.7382638770855,0.013585278559235164,nan
2337.7452085033137,0.011849591916342883,nan
2337.7521531295406,0.01686205899796385,nan
2337.759097756234,0.012778983920979689,nan
2337.766042382462,0.011073664176085615,nan
2337.7729870086896,0.011136871648156105,nan
2337.7799316349174,0.00655152644064097,nan
2337.7868762611442,0.005211641559178762,nan
2337.793820887372,0.0017646009345029245,nan
2337.800765513134,-0.001687423486766898,nan
2337.807710139362,-0.00518000519842568,nan
2337.8146547655897,-0.008027334673359032,nan
2337.821599391351,-0.012424542289693502,nan
2337.828544017112,-0.008525177468594186,nan
2337.8354886433403,-0.013856878826694674,nan
2337.842433269103,-0.011414905041002898,nan
2337.849377894864,-0.009620848973648996,nan
2337.8563225206262,-0.010189152979471303,nan
2337.8632671463874,-0.0032554139683838995,nan
2337.870211771685,-0.0016678847838826893,nan
2337.877156397446,-0.0065800937232677326,nan
2337.884101023208,-0.0030838099979817735,nan
2337.8910456485037,-0.0010421344902277752,nan
2337.897990274266,-0.0024464652552012855,nan
2337.9049348995613,-0.00037113765480882577,nan
2337.9118795248587,-0.002349995081493847,nan
2337.918824150155,-0.0019721706177283083,nan
2337.9257687754507,-0.004266399504287519,nan
2337.9327134007463,-0.004427854489888167,nan
2337.9396580260436,-0.008458137083596218,nan
2337.94660265134,-0.011591685226907067,nan
2337.95354727617,-0.014840498355502163,nan
2337.9604919014664,-0.014731141470079506,nan
2337.967436526297,-0.010883525499402136,nan
2337.9743811515937,-0.013099709397279974,nan
2337.981325776424,-0.015094119814751478,nan
2337.9882704012543,-0.01361458657870776,nan
2337.995215026085,-0.006995362246389622,nan
2338.002159650915,-0.011476357598423595,nan
2338.009104275746,-0.007090912906854707,nan
2338.0160489005766,-0.011133880939489305,nan
2338.0229935249417,-0.010727626771402696,nan
2338.0299381497707,-0.008199295157953798,nan
2338.0368827741368,-0.004731093071570824,nan
2338.0438273989666,0.0018763367628677474,nan
2338.050772023332,-0.00019815950215873457,nan
2338.057716647697,0.005163789295486984,nan
2338.064661272061,0.00451480148135977,nan
2338.071605896427,-0.0006505803342252425,nan
2338.0785505207914,-0.0053422926628444445,nan
2338.085495145156,-0.00651527731332982,nan
2338.092439769056,0.004508330848084413,nan
2338.099384393421,0.009035942597679508,nan
2338.1063290173197,0.005260809631756708,nan
2338.113273641685,0.007684983035460488,nan
2338.1202182655843,0.0025707088095211217,nan
2338.1271628894838,0.0016002083922321414,nan
2338.1341075133823,0.0018807465043344795,nan
2338.141052137282,0.008390135889304734,nan
2338.1479967611813,0.009318391539095153,nan
2338.15494138508,0.011773305695903041,nan
2338.1618860089793,0.014507606805103643,nan
2338.168830632413,0.01120742175359632,nan
2338.1757752563117,0.013398209339203243,nan
2338.1827198797446,0.009879822926155288,nan
2338.1896645036445,0.010408271832135885,nan
2338.196609127079,0.01056354764969894,nan
2338.2035537505117,0.011599529231368949,nan
2338.210498373945,0.008836294636926867,nan
2338.2174429973793,0.006205763757885049,nan
2338.2243876208136,0.008642843417618243,nan
2338.2313322437813,0.007153541108953249,nan
2338.238276867214,0.004084659650298944,nan
2338.245221490183,0.002985373794987145,nan
2338.252166113615,-0.0016493226806654215,nan
2338.2591107365834,-0.006025773566924103,nan
2338.2660553595515,-0.006836840913803488,nan
2338.2729999825197,-0.012706227948059493,nan
2338.279944605487,-0.017110764404922624,nan
2338.286889228454,-0.015142495560771713,nan
2338.2938338514223,-0.018585885503920235,nan
2338.300778474391,-0.013607284113456547,nan
2338.307723096893,-0.013619692259723148,nan
2338.314667719861,-0.015083350385328403,nan
2338.3216123423626,-0.013352879125514444,nan
2338.328556965331,-0.012788498031736553,nan
2338.3355015878333,-0.006927328222555096,nan
2338.3424462103358,-0.00991882193903848,nan
2338.3493908328383,-0.006454368043008751,nan
2338.35633545534,-0.007533545682826923,nan
2338.3632800778423,-0.007204667375600229,nan
2338.370224699879,-0.006775284496687239,nan
2338.3771693223816,-0.005033091184169253,nan
2338.384113944418,-0.0038324761843045313,nan
2338.39105856692,-0.004174634464909427,nan
2338.398003188957,-0.008662656915094963,nan
2338.404947810993,-0.012328771427718599,nan
2338.4118924330296,-0.01602815975625886,nan
2338.4188370550664,-0.015855017178859218,nan
2338.4257816771033,-0.016188472395936057,nan
2338.432726299139,-0.017369595895351184,nan
2338.439670921175,-0.016682910253357303,nan
2338.4466155427463,-0.01784989822871859,nan
2338.453560164784,-0.010358763503626023,nan
2338.4605047863542,-0.010974778897897497,nan
2338.467449407925,-0.009119515819303453,nan
2338.4743940299622,-0.011393939968950023,nan
2338.4813386515325,-0.01295426421355178,nan
2338.4882832731037,-0.014095599984709328,nan
2338.495227894209,-0.009786961238791081,nan
2338.5021725157803,-0.006444319339650922,nan
2338.5091171373497,-0.00136006639070968,nan
2338.516061758455,0.0013299604337284054,nan
2338.5230063800273,0.0030805087520303365,nan
2338.5299510011328,0.003100346974639581,nan
2338.5368956222374,-0.0018646500145498845,nan
2338.543840243808,-0.00192848202583569,nan
2338.550784864913,-0.0037669910295139997,nan
2338.557729485553,0.002148738589312041,nan
2338.564674106658,0.004155408650755643,nan
2338.5716187277635,0.008390944959453694,nan
2338.578563348869,0.010023903398569678,nan
2338.5855079695084,0.005384337883428125,nan
2338.592452590613,0.008514717166661634,nan
2338.5993972112537,0.010432231911716563,nan
2338.6063418318927,0.011295364599649721,nan
2338.6132864525316,0.015209211896937996,nan
2338.6202310731715,0.016431005998237908,nan
2338.6271756938113,0.015531846273977759,nan
2338.6341203144502,0.021034245672381255,nan
2338.64106493509,0.020283796763788275,nan
2338.6480095552643,0.01574628798015043,nan
2338.654954175904,0.026902602586256416,nan
2338.6618987960783,0.0258530263004155,nan
2338.6688434162515,0.021728416685855817,nan
2338.6757880364266,0.022596436012025295,nan
2338.6827326566,0.019077776931403445,nan
2338.689677276773,0.018146150900603758,nan
2338.6966218969474,0.01555929809593401,nan
2338.7035665171206,0.013988771759470817,nan
2338.7105111372957,0.015006779192620348,nan
2338.7174557570042,0.015400558859457514,nan
2338.7244003771775,0.011175926809554801,nan
2338.731344996886,0.008109873887423152,nan
2338.7382896165936,0.0003270178714462335,nan
2338.7452342363013,-0.005333162706805505,nan
2338.7521788560107,-0.007574714952713446,nan
2338.759123475719,-0.006299674527064564,nan
2338.766068095427,-0.008457296493393066,nan
2338.773012715135,-0.008231962566864467,nan
2338.779957334378,-0.00577272982070462,nan
2338.786901954086,-0.0041765541987681815,nan
2338.7938465733296,-0.0031573193735338068,nan
2338.800791192572,0.00016601338908418806,nan
2338.80773581228,-0.0006863868695275999,nan
2338.814680431522,0.0005842806732677397,nan
2338.821625050765,-0.001263693957950257,nan
2338.828569669542,-0.0016842267606795996,nan
2338.835514288785,-0.0014217048978883567,nan
2338.842458908027,0.0005977799554650054,nan
2338.849403526803,0.0009682425163319297,nan
2338.856348146046,0.0014536078130897162,nan
2338.863292764823,-0.003986069603969106,nan
2338.8702373836013,-0.007998431062664152,nan
2338.8771820023776,-0.00902338203639505,nan
2338.884126621154,-0.01297209165184346,nan
2338.89107123993,-0.01369946580975101,nan
2338.8980158587074,-0.010707517242523876,nan
2338.904960477485,-0.011660416695900677,nan
2338.911905095796,-0.01366275300542974,nan
2338.9188497145733,-0.010165146338075678,nan
2338.925794332884,-0.006403244124052396,nan
2338.9327389511955,-0.011050267317882279,nan
2338.9396835699717,-0.008165796738407491,nan
2338.946628188284,-0.008651488865485432,nan
2338.9535728065957,-0.009887421448911249,nan
2338.9605174244407,-0.005193199046754263,nan
2338.9674620427522,-0.004685934403717951,nan
2338.974406661063,-0.0004623578802306627,nan
2338.9813512789087,0.0015519130447649437,nan
2338.9882958972203,0.0005105022574369567,nan
2338.9952405150652,0.0007465781206297539,nan
2339.0021851329116,-0.003136063317623533,nan
2339.009129750757,-0.0025908363153217817,nan
2339.016074368602,-0.00459815645960622,nan
2339.023018986448,-0.0049774764486094775,nan
2339.0299636042937,0.0038706397374038137,nan
2339.036908221674,0.006803562520292489,nan
2339.043852839519,0.004108935252842047,nan
2339.050797456898,0.004748262382428425,nan
2339.057742074744,0.0027671256254301335,nan
2339.0646866921243,0.0072810645761252485,nan
2339.071631309505,0.012355083941382641,nan
2339.0785759268847,0.010140970873797353,nan
2339.085520544265,0.01409732920311163,nan
2339.092465161644,0.012246506584832326,nan
2339.0994097785588,0.01235792847147496,nan
2339.106354395939,0.015039157016376509,nan
2339.1132990128526,0.01582172860693712,nan
2339.120243630233,0.015383103838051387,nan
2339.127188247147,0.01418333983034556,nan
2339.134132864061,0.016715155116726096,nan
2339.1410774809747,0.011053925188522135,nan
2339.14802209789,0.013081393583013051,nan
2339.1549667148047,0.011884696227477287,nan
2339.1619113317192,0.008375865715313138,nan
2339.168855948167,0.006990518959516523,nan
2339.175800565081,0.00934558560402754,nan
2339.1827451815298,0.006246909858115157,nan
2339.1896897979786,-0.0008429266053366913,nan
2339.1966344144266,-0.0008714651544639573,nan
2339.2035790308755,-0.006272141720195273,nan
2339.2105236473244,-0.007441809672735333,nan
2339.2174682637724,-0.01456392638421411,nan
2339.2244128802213,-0.012700374896219141,nan
2339.231357496205,-0.014743506546989318,nan
2339.2383021126543,-0.011743996541497548,nan
2339.2452467286357,-0.009707066077784515,nan
2339.2521913450846,-0.012016129387975319,nan
2339.259135961068,-0.01011995731182097,nan
2339.26608057705,-0.008768092449444181,nan
2339.273025193033,-0.006204380520784383,nan
2339.2799698090166,-0.0017644792652625474,nan
2339.286914424534,-0.0003579109100347033,nan
2339.2938590405156,-0.003966145038930266,nan
2339.3008036564997,-0.0032064598232191543,nan
2339.3077482720173,-0.005396792711278034,nan
2339.314692887534,-0.0034425205445589857,nan
2339.3216375030506,-0.001345291113799052,nan
2339.328582118568,-0.008293525114442257,nan
2339.3355267340858,-0.008520808350802767,nan
2339.3424713496033,-0.014185308596600915,nan
2339.349415965119,-0.015170449391697427,nan
2339.3563605806376,-0.015074866041133478,nan
2339.3633051956904,-0.01304156325361655,nan
2339.3702498112066,-0.012067657865246356,nan
2339.3771944262585,-0.01576667950960195,nan
2339.38413904131,-0.012247022969806051,nan
2339.391083656361,-0.011225493899161498,nan
2339.398028271413,-0.011892976473799999,nan
2339.4049728864657,-0.014225528041660732,nan
2339.4119175015167,-0.013743948979695969,nan
2339.418862116102,-0.014418749615895482,nan
2339.425806731154,-0.01240976140422767,nan
2339.43275134574,-0.012711158832233393,nan
2339.439695960791,-0.005521334770003661,nan
2339.4466405753783,-0.0013798314168445847,nan
2339.4535851899636,-0.0006459340287867932,nan
2339.46052980455,0.0006506957567051219,nan
2339.467474419135,-0.003891202237120084,nan
2339.4744190337196,-0.00787487207359873,nan
2339.4813636478416,-0.0083071150174783,nan
2339.4883082624283,-0.003400847064218518,nan
2339.495252876548,-0.0008963022859253822,nan
2339.502197490668,0.00217354867583347,nan
2339.509142105254,0.0019976605608163084,nan
2339.516086719374,0.0007605778943886587,nan
2339.523031333494,-0.0006661732573626789,nan
2339.5299759476156,3.7376523936288875e-05,nan
2339.5369205612697,0.0036314250737434772,nan
2339.5438651753902,0.009187695633615378,nan
2339.55080978951,0.013518412313151262,nan
2339.557754403165,0.016973725130861136,nan
2339.5646990168198,0.01178613723052771,nan
2339.5716436304747,0.012172756072042282,nan
2339.5785882445953,0.016048042863987783,nan
2339.5855328577836,0.01537430970381043,nan
2339.5924774714376,0.01569377329266211,nan
2339.5994220850916,0.015377481643090177,nan
2339.6063666987466,0.010106477364152627,nan
2339.6133113119367,0.01316431018973177,nan
2339.6202559255908,0.01128349638516632,nan
2339.627200538779,0.0076521749844409015,nan
2339.6341451519684,0.006031604061143378,nan
2339.6410897651567,0.006374427423052942,nan
2339.648034378346,0.004533541889458453,nan
2339.6549789915352,-6.360850335618284e-06,nan
2339.6619236047263,-0.0009208134502090848,nan
2339.668868217448,-0.0036831796606363043,nan
2339.6758128306374,-0.00792115109532382,nan
2339.68275744336,-0.008813074870028734,nan
2339.6897020565493,-0.01278397170957768,nan
2339.6966466692725,-0.011968553171313984,nan
2339.7035912819965,-0.011934830951655803,nan
2339.71053589472,-0.015399700838086325,nan
2339.717480507443,-0.009714967890339377,nan
2339.7244251197,-0.006713121967062655,nan
2339.731369732423,-0.006397557385057387,nan
2339.738314345146,-0.004281653868681318,nan
2339.745258957404,-0.0017820777137312338,nan
2339.752203569662,-0.0020898203544389427,nan
2339.7591481819195,-0.0021994253893877214,nan
2339.766092794177,-0.003781953785586739,nan
2339.773037406434,0.00027190499224225007,nan
2339.779982018692,0.0010656621033306307,nan
2339.786926630951,-0.00021602053750705008,nan
2339.793871243208,-0.002591267593523003,nan
2339.800815854999,-0.004698155838980381,nan
2339.807760466792,-0.011706439484393358,nan
2339.8147050790503,-0.011509491674129596,nan
2339.821649690841,-0.012176153301849096,nan
2339.828594302632,-0.010331873621784629,nan
2339.835538914425,-0.010432862063058407,nan
2339.8424835262176,-0.010363610749242413,nan
2339.8494281375442,-0.009329744277455032,nan
2339.8563727493356,-0.006436238555125706,nan
2339.863317360662,-0.009047873615983193,nan
2339.8702619724527,-0.006368122196850762,nan
2339.8772065837793,-0.0059135788583801335,nan
2339.884151195107,-0.006657435642210732,nan
2339.891095806433,-0.008333837257365362,nan
2339.898040417759,0.00023681029675559628,nan
2339.904985029085,0.001403789056559912,nan
2339.911929639946,0.004624658447081986,nan
2339.918874251272,0.009456231910320939,nan
2339.9258188621325,0.008433748315053863,nan
2339.9327634734595,-2.5500980260662054e-05,nan
2339.93970808432,0.002784848759841377,nan
2339.94665269518,0.0016403910733957805,nan
2339.95359730604,0.0005144641842112496,nan
2339.960541916901,0.008759364899273495,nan
2339.967486527762,0.011456742901885988,nan
2339.9744311381573,0.012822396229160538,nan
2339.9813757490183,0.01086800611852795,nan
2339.9883203594136,0.009718708509162621,nan
2339.9952649702736,0.008428719324966638,nan
2340.002209580668,0.01100664835304406,nan
2340.0091541910633,0.018876436332052743,nan
2340.043877242573,0.023664913416687833,nan
2340.050821852502,0.022726077999880356,nan
2340.0577664624316,0.021217870844991382,nan
2340.064711072827,0.01777132254589414,nan
2340.0716556827556,0.01941222983156418,nan
2340.078600292685,0.01934298168854688,nan
2340.0855449021483,0.017429568444837534,nan
2340.092489512078,0.013794406124613634,nan
2340.0994341220066,0.01701098007126356,nan
2340.1063787300727,0.014617118193206768,nan
2340.1133233400033,0.014334091900527618,nan
2340.120267949468,0.009974298364110679,nan
2340.127212558931,0.007764024234784353,nan
2340.1341571683943,0.0008871187941673214,nan
2340.1411017778582,-0.006353405216155308,nan
2340.148046387322,-0.00871670203087696,nan
2340.1549909963187,-0.010846754185131743,nan
2340.1619356057836,-0.010097365074821979,nan
2340.168880214782,-0.012686755074631892,nan
2340.175824824245,-0.008195341079421575,nan
2340.1827694332433,-0.010379116096337238,nan
2340.1897140422407,-0.005145999411471841,nan
2340.196658651239,-0.003971029533566733,nan
2340.2036032602373,-0.0023850778799757305,nan
2340.2105478692356,0.00028634073752793754,nan
2340.2174924777682,-0.004282796756539753,nan
2340.2244370867656,-0.0037393731432378285,nan
2340.2313816952974,-0.001757381878262021,nan
2340.238326303829,-0.0054465338456461815,nan
2340.2452709128283,-0.0032606330698876085,nan
2340.25221552136,-0.007248341213532183,nan
2340.2591601298936,-0.004882497225093194,nan
2340.2661047379597,-0.005952584767646971,nan
2340.2730493464924,-0.010354888802456927,nan
2340.279993955024,-0.01505180819796767,nan
2340.28693856309,-0.017617207591786366,nan
2340.293883171623,-0.01869753830139477,nan
2340.30082777969,-0.01585343227180533,nan
2340.307772387757,-0.015299985334316382,nan
2340.314716995824,-0.01559334336821043,nan
2340.32166160389,-0.018340493444632275,nan
2340.328606211956,-0.012888493582778576,nan
2340.3355508195573,-0.012507726267860092,nan
2340.3424954276243,-0.012707035143295242,nan
2340.3494400352256,-0.01214150068674276,nan
2340.3563846432917,-0.010851899477744995,nan
2340.363329250893,-0.010056038015585453,nan
2340.3702738584943,-0.0073691729246552345,nan
2340.3772184660947,-0.0007923393839076032,nan
2340.384163073695,0.00012111387880225921,nan
2340.391107681296,-0.00046885261103277176,nan
2340.3980522884312,-0.003930088378591351,nan
2340.404996896033,-0.008810699659016305,nan
2340.411941503169,-0.008745979308491109,nan
2340.418886110305,-0.009638834505371563,nan
2340.4258307179052,0.0014029721496005843,nan
2340.43277532504,0.004961640677460577,nan
2340.4397199321756,0.003256571985482265,nan
2340.4466645388447,0.0007687570762540535,nan
2340.4536091459804,-0.001630870514107291,nan
2340.460553753116,-0.0011923928294654412,nan
2340.467498359785,0.0038570381370492818,nan
2340.474442966921,0.010436704451332102,nan
2340.48138757359,0.012122747213819923,nan
2340.48833218026,0.01012086153460319,nan
2340.49527678693,0.01400962369939246,nan
2340.5022213935995,0.01369686289523507,nan
2340.509166000269,0.012179210601771587,nan
2340.5161106064734,0.015324333793795886,nan
2340.5230552131434,0.014482255468325697,nan
2340.529999819347,0.012810347871708275,nan
2340.536944426016,0.011502297299898462,nan
2340.5438890322193,0.014604687483351558,nan
2340.550833638425,0.012868854239854066,nan
2340.557778244629,0.012640898875193707,nan
2340.5647228508333,0.00995336614397671,nan
2340.571667456572,0.008724834257508779,nan
2340.5786120627754,0.0032005414887667227,nan
2340.585556668513,0.003997881919155913,nan
2340.592501274717,0.0013036148649253898,nan
2340.599445880456,-0.0074274040137768255,nan
2340.606390486194,-0.009622194699497433,nan
2340.613335091933,-0.011472030234417854,nan
2340.6202796976722,-0.01322037583980093,nan
2340.627224303409,-0.012894053367718317,nan
2340.634168909147,-0.012157152661796539,nan
2340.64111351442,-0.012739366903948779,nan
2340.6480581201577,-0.008521512980551718,nan
2340.6550027254316,-0.010819742522699724,nan
2340.6619473307037,-0.007839667430551492,nan
2340.6688919359767,-0.005280704656785221,nan
2340.6758365412497,-0.0021473892292734748,nan
2340.682781146522,-0.008534103825493008,nan
2340.689725751795,-0.006061654001086936,nan
2340.696670356602,-0.003926872407327614,nan
2340.7036149618743,-0.0032125596384706273,nan
2340.7105595666817,-0.001923092180315708,nan
2340.717504171489,-0.0029217742421264736,nan
2340.724448776762,-0.004809834607331226,nan
2340.7313933815676,-0.010107803972307317,nan
2340.7383379859093,-0.010417759281217201,nan
2340.7452825907167,-0.015725744494427346,nan
2340.752227195523,-0.01697047800296124,nan
2340.7591718003305,-0.015402202974866164,nan
2340.766116404672,-0.016868894911146307,nan
2340.773061009014,-0.01541204748752556,nan
2340.7800056133547,-0.014152033080062798,nan
2340.786950218161,-0.014384263917918111,nan
2340.793894822503,-0.013243439545737604,nan
2340.800839426379,-0.010514893753822002,nan
2340.8077840307187,-0.011369275146132174,nan
2340.8147286350613,-0.012397831595687386,nan
2340.8216732389374,-0.010853996116077097,nan
2340.828617843279,-0.0075787541383428025,nan
2340.835562447154,-0.005274119840998459,nan
2340.8425070510293,-0.0016159466663551864,nan
2340.8494516549063,-0.0021217286890485576,nan
2340.8563962587814,0.004924686653221863,nan
2340.8633408626556,0.0011127358518126518,nan
2340.870285466067,-0.00016287389451533074,nan
2340.877230069944,-0.0023244247582344946,nan
2340.8841746733533,-0.001411996428346815,nan
2340.891119277229,0.0016477786233584923,nan
2340.898063880639,0.004162955462833545,nan
2340.905008484049,0.006399692167065332,nan
2340.9119530874577,0.006151787780529813,nan
2340.918897690869,0.008548721870468984,nan
2340.9258422942803,0.008434305877062204,nan
2340.932786897223,0.009002858318811549,nan
2340.9397315006327,0.014274341730170836,nan
2340.9466761035774,0.01139259228783178,nan
2340.953620706522,0.01723861317817703,nan
2340.960565309466,0.017265603889142056,nan
2340.9675099124106,0.01682624917088782,nan
2340.9744545153553,0.018986361384871045,nan
2340.9813991183,0.017657605089468453,nan
2340.988343721244,0.02003346344888053,nan
2340.995288323723,0.016390031362508828,nan
2341.0022329266667,0.0171283220685981,nan
2341.0091775291457,0.01612439789717432,nan
2341.016122131624,0.01459683722990314,nan
2341.0230667341025,0.013519741778906927,nan
2341.030011336582,0.014232912504561712,nan
2341.036955939061,0.014060749494008873,nan
2341.043900541539,0.011503826477156809,nan
2341.050845143553,0.006068580208290042,nan
2341.0577897460307,0.005846711104154398,nan
2341.064734348043,0.0014225953550330017,nan
2341.0716789500566,-0.004861456025691185,nan
2341.0786235525356,-0.007289904074208681,nan
2341.085568154548,-0.007654990151044358,nan
2341.092512756096,-0.007054650480477889,nan
2341.0994573581092,-0.006208224409784996,nan
2341.1064019601217,-0.006608341855265168,nan
2341.113346561669,-0.006643030650638204,nan
2341.120291163683,-0.0069824858798340494,nan
2341.1272357652297,-0.0030853322223713397,nan
2341.1341803667774,-0.0020037237822186638,nan
2341.141124968324,-0.0011364036918254522,nan
2341.148069569873,-0.000521721265418551,nan
2341.1550141714197,-0.0003648591733213802,nan
2341.1619587729674,-0.0008745762784206079,nan
2341.168903374049,0.0006935198600226816,nan
2341.175847975597,0.00514133664347638,nan
2341.1827925766784,0.003664183910721777,nan
2341.1897371777586,0.002846030019482637,nan
2341.1966817788407,0.0009746024887978544,nan
2341.2036263799237,-0.0016044604822133407,nan
2341.210570981005,-0.0077366912448101205,nan
2341.217515582086,-0.010183074090257455,nan
2341.224460183168,-0.01227663983834662,nan
2341.231404783784,-0.009828183364184423,nan
2341.2383493848647,-0.010692203375577497,nan
2341.2452939854816,-0.0054004712230030505,nan
2341.252238586098,-0.009813676018439438,nan
2341.259183186714,-0.007743200230543368,nan
2341.2661277873303,-0.004632636963837408,nan
2341.2730723879467,-0.004143137103026523,nan
2341.280016988097,-0.0060687062315007145,nan
2341.286961588712,-0.0054720762993462485,nan
2341.293906188862,-0.007499012539295816,nan
2341.3008507894783,-0.00024439115318518334,nan
2341.307795389629,0.0031011713419276943,nan
2341.31473998978,0.0052643771751512275,nan
2341.321684589931,0.004196515130038131,nan
2341.328629190082,0.006523300671168533,nan
2341.3355737897664,0.001452404161436771,nan
2341.342518389916,-0.002933514384671862,nan
2341.3494629896004,-0.00011325632561422216,nan
2341.356407589751,-0.0005671505190744386,nan
2341.3633521894353,0.008177975560424156,nan
2341.3702967891186,0.009440443301173829,nan
2341.377241388805,0.008979082300540966,nan
2341.3841859884897,0.00465979102517293,nan
2341.3911305881747,0.00750024614772743,nan
2341.3980751873933,0.007066976779287137,nan
2341.4050197870793,0.010502549865076483,nan
2341.411964386297,0.013671873340029297,nan
2341.418908985981,0.016260229034312623,nan
2341.4258535852005,0.01187243309433944,nan
2341.432798184421,0.013931209305460393,nan
2341.43974278364,0.016856663560596452,nan
2341.446687382392,0.01594903588078045,nan
2341.453631981612,0.018330088772132824,nan
2341.460576580831,0.017407568496387943,nan
2341.467521179584,0.01433436035539544,nan
2341.4744657783376,0.011972853329909966,nan
2341.481410377557,0.010896546116553052,nan
2341.48835497631,0.011195832391363542,nan
2341.4952995750637,0.008096303408158645,nan
2341.5022441738174,0.006931559884031005,nan
2341.5091887721046,0.007374742548213936,nan
2341.5161333708584,0.006645839792238345,nan
2341.523077969146,-5.9932554070829536e-05,nan
2341.5300225679002,-0.005421368442402083,nan
2341.536967166187,-0.008615772207224648,nan
2341.5439117644737,-0.010566582300035349,nan
2341.550856362762,-0.014463488721214668,nan
2341.557800961051,-0.012430267774813722,nan
2341.564745559338,-0.014827759378154143,nan
2341.57169015716,-0.01815072276563523,nan
2341.5786347554476,-0.009703382596778012,nan
2341.58557935327,-0.015768958459943083,nan
2341.5925239510907,-0.011976728142238269,nan
2341.5994685493797,-0.008948461787509063,nan
2341.606413147202,-0.010849248262431888,nan
2341.6133577450237,-0.0073145434223857025,nan
2341.62030234238,-0.00965605338664352,nan
2341.627246940203,-0.006581209764726453,nan
2341.6341915380253,-0.007374339432093174,nan
2341.641136135381,-0.004032762502759357,nan
2341.648080732737,-0.0032580974710540167,nan
2341.655025330559,-0.007927407862977104,nan
2341.6619699279163,-0.010871348032053571,nan
2341.6689145252712,-0.009208272517102184,nan
2341.6758591221624,-0.015363274201821,nan
2341.682803719519,-0.017649844380648705,nan
2341.689748316876,-0.019977003899016008,nan
2341.696692913766,-0.018548678330542592,nan
2341.7036375106572,-0.019276256511692222,nan
2341.710582108014,-0.020708806424417095,nan
2341.7175267049042,-0.02107010297625196,nan
2341.724471301794,-0.01867017783672259,nan
2341.7314158986856,-0.012564691792756544,nan
2341.73836049511,-0.013535303165402274,nan
2341.745305092001,-0.018612787605120362,nan
2341.7522496888932,-0.01854275160658031,nan
2341.7591942853187,-0.01138576394349522,nan
2341.7661388817432,-0.010911970685543448,nan
2341.773083478168,-0.005964841974228252,nan
2341.7800280745923,-0.0013469952444817024,nan
2341.786972671018,0.001408093835592969,nan
2341.7939172674432,-0.004474174453026697,nan
2341.800861863868,-0.006287972668277839,nan
2341.807806459828,-0.008133190418704334,nan
2341.814751056253,-0.00938582276692107,nan
2341.821695652212,-0.0033220488479226012,nan
2341.8286402481717,0.0029612237170422717,nan
2341.8355848441306,0.008117297518870095,nan
2341.8425294400904,0.004309140342750692,nan
2341.8494740360493,0.006222786154908289,nan
2341.856418632008,0.004316251872230642,nan
2341.863363227503,0.006602966029464058,nan
2341.870307823461,0.01077069797919214,nan
2341.8772524189562,0.012797836065339296,nan
2341.8841970144513,0.01587431041631146,nan
2341.8911416099436,0.021342149119658357,nan
2341.898086205437,0.015932701853883,nan
2341.905030800931,0.016563393780356706,nan
2341.911975396425,0.02244178876333064,nan
2341.9189199914526,0.02022710749713373,nan
2341.925864586946,0.017046776248541673,nan
2341.9328091819743,0.017889969916644627,nan
2341.9397537770037,0.021087610470028217,nan
2341.946698372032,0.014886202477986873,nan
2341.9536429670597,0.014772572011469212,nan
2341.960587562088,0.012961070605448127,nan
2341.967532157116,0.013765427301788272,nan
2341.9744767521433,0.013497248381902527,nan
2341.9814213467052,0.012277687705777363,nan
2341.9883659417337,0.005523551331357207,nan
2341.9953105362956,-0.0012677557395968236,nan
2342.002255130858,-0.000953948513673461,nan
2342.0091997254212,-0.006909156230481078,nan
2342.016144319984,-0.009613502959539083,nan
2342.023088914546,-0.010871050405258167,nan
2342.0300335086436,0.007482004012240501,nan
2342.036978103206,-0.004885852446110686,nan
2342.043922697302,-0.0017217574124549495,nan
2342.050867291864,-0.0019301751288841318,nan
2342.057811885961,-0.001329526272870904,nan
2342.0647564800583,-0.0038806676363044856,nan
2342.0717010741537,0.002252201645663962,nan
2342.0786456682517,-0.002987173298152762,nan
2342.085590261884,0.00012298271686353446,nan
2342.0925348559804,-0.0007513625411754987,nan
2342.099479449611,-0.0023590459734237484,nan
2342.106424043707,-0.0011260719731295832,nan
2342.1133686373387,-0.0010468408277290175,nan
2342.12031323097,0.0003441581937766447,nan
2342.1272578246,-0.00204397753006344,nan
2342.1342024182313,-0.0033152786849963006,nan
2342.141147011397,-0.010700432052764358,nan
2342.1480916050286,-0.01366499980095856,nan
2342.1550361981945,-0.015913282130950127,nan
2342.161980791826,-0.013549753348038304,nan
2342.168925384991,-0.010697852941815342,nan
2342.175869978156,-0.014981323816997488,nan
2342.1828145713216,-0.012123240545536026,nan
2342.189759164487,-0.009057496623653016,nan
2342.1967037576524,-0.00906367723950316,nan
2342.2036483503507,-0.008188653572405821,nan
2342.210592943517,-0.009172593063473511,nan
2342.2175375362176,-0.009721296933752871,nan
2342.2244821289178,-0.008187865195299487,nan
2342.2314267220836,-0.006495094486420772,nan
2342.238371314783,-0.0021766987268132393,nan
2342.2453159070174,0.00442291678005316,nan
2342.2522604997157,0.0017886203289673441,nan
2342.259205092416,0.004478732950638456,nan
2342.2661496846504,0.0037651022835207826,nan
2342.2730942773487,-0.005116409381279247,nan
2342.280038869583,-0.004438898803634683,nan
2342.2869834618177,0.000686921948628072,nan
2342.293928054053,0.0032562180174119937,nan
2342.3008726462867,0.009195352305901142,nan
2342.3078172385203,0.009798457087101795,nan
2342.314761830755,0.011192093028313796,nan
2342.3217064225228,0.009928094872862794,nan
2342.3286510147573,0.008538580100772741,nan
2342.335595606525,0.013153108197128394,nan
2342.342540198294,0.016265298824591087,nan
2342.349484790062,0.017751258496186223,nan
2342.356429381831,0.02195611253529811,nan
2342.3633739736,0.02144438689154518,nan
2342.370318564903,0.021160524277569204,nan
2342.377263156671,0.02153638852199921,nan
2342.384207747974,0.02054951854508727,nan
2342.391152339743,0.020836217438341298,nan
2342.398096931045,0.024160349643423173,nan
2342.4050415223473,0.020834937300549236,nan
2342.41198611365,0.019442009578147193,nan
2342.418930704953,0.018328670910561132,nan
2342.425875296255,0.01687746903217012,nan
2342.4328198870926,0.016567969926509357,nan
2342.4397644783967,0.016375093041640948,nan
2342.446709069234,0.015145593968805993,nan
2342.45365366007,0.010603377841010564,nan
2342.4605982509074,0.007165769937392638,nan
2342.467542841745,0.02084020757165371,nan
2342.4744874325806,0.010320344373206627,nan
2342.481432023418,0.001708451962225327,nan
2342.4883766137896,-0.0010200250809029587,nan
2342.4953212046266,-0.0057400221788072026,nan
2342.5022657949976,-0.0042795721272883835,nan
2342.5092103853694,-0.005104967427618068,nan
2342.516154976208,-0.0034750702729882954,nan
2342.5230995665797,-0.0032987405796469915,nan
2342.530044156485,-0.00030143802540200104,nan
2342.5369887468564,0.004427465696637475,nan
2342.543933337228,0.0041308044583738684,nan
2342.550877927133,0.002445293749237923,nan
2342.557822517504,0.002114459092761381,nan
2342.5647671074103,0.002003726692944463,nan
2342.571711697316,0.0009994015249072397,nan
2342.5786562872217,0.0036398537158246896,nan
2342.5856008771275,0.0023749610946650485,nan
2342.592545467034,-0.002005119508722647,nan
2342.5994900564747,-0.003847871805059383,nan
2342.60643464638,-0.010796177899727269,nan
2342.61337923582,-0.010440486878098565,nan
2342.620323825726,-0.014324785479734606,nan
2342.6272684151663,-0.012611629729993759,nan
2342.634213004605,-0.013744168395462053,nan
2342.6411575940456,-0.012987159227217548,nan
2342.64810218302,-0.01185838008644069,nan
2342.65504677246,-0.009329125977071154,nan
2342.6619913619006,-0.009077924831630585,nan
2342.668935950876,-0.01025387265636088,nan
2342.6758805398513,-0.013366293220436573,nan
2342.6828251288252,-0.01245552833985386,nan
2342.689769717799,-0.012641608467078666,nan
2342.696714306774,-0.010879630626047077,nan
2342.703658895748,-0.0016421711773829256,nan
2342.7106034847225,-0.0005210300232793563,nan
2342.7175480732312,-0.0006900459598794262,nan
2342.724492662205,5.4257894567255605e-05,nan
2342.7314372507144,-0.003405526120350097,nan
2342.7383818392227,-0.007125371035104744,nan
2342.745326427732,-0.01355759014122182,nan
2342.7522710162402,-0.005618951269818373,nan
2342.7592156047504,-0.003047264667557531,nan
2342.7661601932587,0.003555017820742551,nan
2342.773104781302,0.0013532810605979134,nan
2342.7800493698096,0.00504030749057699,nan
2342.786993957853,0.000792978572111469,nan
2342.7939385458967,0.0018760122145611707,nan
2342.8008831339403,0.002135456475566941,nan
2342.807827721982,0.007650841102500833,nan
2342.8147723100255,0.006834076301622083,nan
2342.821716898069,0.007376122159201581,nan
2342.828661485646,0.010382905514950122,nan
2342.8356060736896,0.01202121718402649,nan
2342.842550661268,0.012606083453361283,nan
2342.8494952488463,0.016045360258987534,nan
2342.8564398364233,0.011000138039880897,nan
2342.8633844240003,0.00878482599902286,nan
2342.870329011578,0.011713366811463094,nan
2342.877273599155,0.011632539184430704,nan
2342.884218186732,0.009458571370938806,nan
2342.891162773844,0.008669595409679293,nan
2342.8981073609557,0.0042355128389059415,nan
2342.9050519485327,0.003557475514279776,nan
2342.911996535644,0.005073331193343578,nan
2342.918941122757,0.0029495987758809267,nan
2342.9258857094037,-0.004606723601183707,nan
2342.932830296515,-0.00793286500952839,nan
2342.9397748836273,-0.012743882239555915,nan
2342.946719470274,-0.014657923917431814,nan
2342.953664057385,-0.016284753640984292,nan
2342.960608644031,-0.019906385105382104,nan
2342.967553230677,-0.015716933906824992,nan
2342.974497817323,-0.013620545085018268,nan
2342.9814424039687,-0.013623922820521717,nan
2342.9883869906153,-0.011459628572799321,nan
2342.995331576796,-0.009582058304676067,nan
2343.0022761634427,-0.009080024557688901,nan
2343.0092207496227,-0.007220037312850092,nan
2343.016165335804,-0.006265260621552665,nan
2343.023109921985,-0.00607825533170582,nan
2343.030054508165,-0.003592966252595725,nan
2343.036999094345,-0.0017481907273776687,nan
2343.0439436805254,-0.0009543906346898001,nan
2343.0508882662407,-0.004816074733327902,nan
2343.0578328524207,-0.003736760373590331,nan
2343.0647774381355,-0.003503892219932511,nan
2343.071722024316,-0.00907597829551253,nan
2343.078666610031,-0.014732355916953155,nan
2343.0856111957446,-0.011296305724440237,nan
2343.0925557814608,-0.01078157384072645,nan
2343.0995003667113,-0.01496619079858709,nan
2343.1064449524247,-0.009258027287222165,nan
2343.1133895376743,-0.008678346151461597,nan
2343.1203341233886,-0.007509069206851182,nan
2343.127278708638,-0.006031849048888718,nan
2343.134223293887,-0.006469349116348028,nan
2343.141167879136,-0.005063929943453241,nan
2343.148112464386,-0.007915035774708423,nan
2343.1550570496347,-0.007549712691628255,nan
2343.1620016344177,-0.00509894248638762,nan
2343.1689462196673,-2.1425509225292405e-05,nan
2343.1758908044512,0.006828075443883905,nan
2343.1828353897,0.006414223364002922,nan
2343.189779974484,0.009560857009472443,nan
2343.1967245592678,0.006806006461829425,nan
2343.2036691440508,0.0010825618434350537,nan
2343.210613728368,0.0009630452476821205,nan
2343.217558313152,-0.0005374298616379336,nan
2343.2245028960733,0.0011728921957367688,nan
2343.2314474808563,0.009774769225538077,nan
2343.2383920651737,0.007559042168351737,nan
2343.2453366494915,0.008764875768796476,nan
2343.25228123381,0.008806350717174755,nan
2343.2592258181267,0.0073885970765914105,nan
2343.266170402445,0.009838274897254001,nan
2343.2731149862966,0.011624388102007055,nan
2343.280059570616,0.01596667129302362,nan
2343.2870041544684,0.01631804527648284,nan
2343.29394873832,0.021634655978994666,nan
2343.3008933226392,0.020533413257707522,nan
2343.30783790649,0.020258961404845455,nan
2343.314782489876,0.021143786291875563,nan
2343.3217270737287,0.018241495950499148,nan
2343.3286716575813,0.022369410871987155,nan
2343.3356162409673,0.019284386493913536,nan
2343.3425608248194,0.016099464508172123,nan
2343.349505408206,0.017650040795529717,nan
2343.356449991592,0.014930325892638652,nan
2343.363394574978,0.01466868684278852,nan
2343.370339158365,0.014870622431449293,nan
2343.3772837417528,0.008980292699715883,nan
2343.384228324673,0.007841524702776395,nan
2343.391172908059,0.004970081221315675,nan
2343.3981174909804,0.0016298173978505914,nan
2343.4050620739017,-0.003792995268431007,nan
2343.4120066572877,0.0014284956280652683,nan
2343.4189512402086,-0.00797080844284434,nan
2343.4258958226637,-0.010263619482666853,nan
2343.432840405584,-0.012222387138252327,nan
2343.4397849885054,-0.008825267090903227,nan
2343.44672957096,-0.009318338849461663,nan
2343.4536741538814,-0.00778692783373186,nan
2343.460618736336,-0.005995147371563342,nan
2343.467563318791,-0.0011549975037438709,nan
2343.4745079012473,0.0023667619376931265,nan
2343.481452483703,-0.0020343865393535887,nan
2343.4883970661576,0.0007339724472435194,nan
2343.4953416481476,-0.00068733198071326,nan
2343.502286230603,0.000522938483781335,nan
2343.5092308125923,0.0009241322339083591,nan
2343.5161753945813,-0.00240024581126376,nan
2343.5231199765703,-0.0021529490847863597,nan
2343.530064558561,-0.00026211901403702664,nan
2343.5370091405503,-0.007547186544038145,nan
2343.5439537225393,-0.010859591269349378,nan
2343.5508983045283,-0.013681624008140061,nan
2343.5578428860517,-0.011982562545087228,nan
2343.564787467576,-0.009570935404023595,nan
2343.5717320495655,-0.013135666930719103,nan
2343.5786766310903,-0.011975173332575764,nan
2343.5856212126137,-0.008853939497904278,nan
2343.592565794138,-0.008432301494909838,nan
2343.5995103751966,-0.008658682690756661,nan
2343.6064549567204,-0.007031976997172007,nan
2343.6133995377777,-0.008868492997778504,nan
2343.6203441193024,-0.009168816907817179,nan
2343.6272887003606,-0.006516466638852553,nan
2343.6342332814193,-0.00391405554909828,nan
2343.641177862476,-0.0018967449038768541,nan
2343.6481224435347,0.004029681981635641,nan
2343.6550670241277,0.0038597643449650443,nan
2343.6620116051854,0.005108343192848655,nan
2343.668956186243,0.002140959433829262,nan
2343.675900766835,-0.00429369498755218,nan
2343.682845347428,-0.0036515906980091467,nan
2343.689789928021,0.0005054238470277861,nan
2343.6967345086146,0.00899647959947178,nan
2343.703679089207,0.00862538553329359,nan
2343.710623669799,0.007843502978196415,nan
2343.717568249926,0.009371426496029345,nan
2343.7245128305185,0.005890816504886445,nan
2343.731457410646,0.00564962265986331,nan
2343.738401990772,0.014702440715537474,nan
2343.7453465708977,0.0146461686256745,nan
2343.7522911510255,0.020339198959112306,nan
2343.7592357311532,0.021488514165781736,nan
2343.7661803112787,0.020422631916599918,nan
2343.7731248909413,0.01831534504437271,nan
2343.780069470602,0.0221872330797714,nan
2343.7870140507293,0.022704080789792927,nan
2343.793958630389,0.01771498779935629,nan
2343.8009032100517,0.020048255504376833,nan
2343.8078477897143,0.015974367964931527,nan
2343.814792369374,0.018826143452946004,nan
2343.821736948569,0.013610702956457582,nan
2343.828681528231,0.009638749055601012,nan
2343.835626107427,0.011977461697664546,nan
2343.8425706870867,0.008248171721459058,nan
2343.8495152662836,0.0049055866289209465,nan
2343.8564598454786,0.0023669306483140584,nan
2343.8634044246737,-0.00075796897568009,nan
2343.870349003403,-0.010340193912240211,nan
2343.8772935825996,-0.01329477501550054,nan
2343.884238161329,-0.014590049268779895,nan
2343.8911827405236,-0.01375939355406483,nan
2343.898127319255,-0.014719188512849007,nan
2343.905071897985,-0.014685117616781068,nan
2343.9120164767146,-0.013689275179186638,nan
2343.918961055445,-0.016830647906137808,nan
2343.9259056341753,-0.013379330718760213,nan
2343.93285021244,-0.009893624793168604,nan
2343.9397947911693,-0.007952948410933108,nan
2343.946739369433,-0.009524474913905498,nan
2343.9536839476978,-0.010654391542279665,nan
2343.960628525962,-0.008346782570826494,nan
2343.967573104226,-0.006488787848423161,nan
2343.97451768249,-0.005921561097373351,nan
2343.9814622607537,-0.008419493272656939,nan
2343.9884068385527,-0.004590891619185938,nan
2343.995351416816,-0.009624121378875555,nan
2344.002295994615,-0.01361243403502567,nan
2344.009240572414,-0.018617935930158674,nan
2344.0161851502116,-0.020542081864883918,nan
2344.0231297280097,-0.022250030484681896,nan
2344.0300743058087,-0.019057224002009904,nan
2344.0370188836087,-0.017299345675707595,nan
2344.043963460941,-0.02228762664458149,nan
2344.05090803874,-0.01655442729085868,nan
2344.057852616073,-0.018808222731837743,nan
2344.064797193406,-0.01781178991759766,nan
2344.0717417707383,-0.015475394833102174,nan
2344.0786863480716,-0.01902102005849285,nan
2344.085630925405,-0.018211732417435025,nan
2344.0925755022718,-0.016352823214779988,nan
2344.099520079604,-0.014421406248171426,nan
2344.106464656472,-0.005865178023691797,nan
2344.113409233805,-0.007459743124537066,nan
2344.120353810671,-0.0032892805905836847,nan
2344.1272983875388,-0.004899660704831665,nan
2344.134242963941,-0.006128153590606811,nan
2344.1411875408066,-0.010187485264780805,nan
2344.1481321176743,-0.008411893827136682,nan
2344.155076694076,-0.004764436126252741,nan
2344.1620212704784,-0.0004871058690301966,nan
2344.168965847345,0.0008054916279831292,nan
2344.175910423747,0.003615845632125636,nan
2344.182855000149,0.002109676156922924,nan
2344.1897995760846,0.000829601716259315,nan
2344.1967441524857,0.004081745524560504,nan
2344.2036887288878,0.006726901919230505,nan
2344.210633304824,0.0110047736805194,nan
2344.2175778807587,0.014306980538000724,nan
2344.224522456695,0.01328958598431304,nan
2344.231467032631,0.012750509193607568,nan
2344.238411608567,0.016591877400878613,nan
2344.245356184503,0.01696886860501126,nan
2344.252300760439,0.01749770335365672,nan
2344.2592453359102,0.017575012666335252,nan
2344.266189911379,0.013368100420244167,nan
2344.273134487315,0.014491010548845246,nan
2344.2800790627853,0.013741921156345663,nan
2344.287023638256,0.013575818657654337,nan
2344.29396821326,0.012936880015458715,nan
2344.300912788731,0.010285847359717215,nan
2344.3078573642015,0.012912640113059398,nan
2344.3148019392056,0.00813697668604682,nan
2344.3217465142106,0.0021843366152423105,nan
2344.3286910892157,0.0005574705299619953,nan
2344.3356356646864,-0.0019701992068032054,nan
2344.342580239224,-0.008021565655780397,nan
2344.349524814228,-0.009673142893954004,nan
2344.3564693892336,-0.011705458987382483,nan
2344.363413963772,-0.010670795362359167,nan
2344.3703585387757,-0.00958742453134373,nan
2344.377303113315,-0.006900482702157526,nan
2344.384247687854,-0.008873921521213995,nan
2344.391192262393,-0.003914621483773306,nan
2344.3981368369323,-0.0001825900132143149,nan
2344.405081411005,-0.002519378425743124,nan
2344.4120259855454,-0.0004983749754633032,nan
2344.418970559618,0.0031676336761994883,nan
2344.42591513369,0.0028125271978377275,nan
2344.4328597082294,0.006611648683081214,nan
2344.439804282303,0.004169483977101471,nan
2344.4467488559103,0.0030655817538265684,nan
2344.453693429984,0.002578660189663032,nan
2344.4606380040577,0.0022104263172803285,nan
2344.467582577666,-0.0015411352691184488,nan
2344.4745271517377,-0.011517740687070718,nan
2344.4814717253466,-0.008417354525112691,nan
2344.488416298954,-0.011774456388304336,nan
2344.495360872561,-0.011033419164560215,nan
2344.5023054457033,-0.00970544024504448,nan
2344.5092500193105,-0.010827588448737921,nan
2344.5161945929176,-0.010225468827793682,nan
2344.52313916606,-0.008273728912520845,nan
2344.530083739202,-0.004702375380287671,nan
2344.537028312344,-0.005860948867678156,nan
2344.5439728854863,-0.0058874813439522,nan
2344.550917458627,-0.004510807468603953,nan
2344.557862031769,-0.006482501472374183,nan
2344.564806604446,-0.006019226293346572,nan
2344.5717511775883,0.0008368288115067346,nan
2344.5786957502633,0.0047466442684028776,nan
2344.58564032294,0.006056182023644607,nan
2344.5925848956167,0.006595985906488092,nan
2344.599529468293,-0.003019875382165818,nan
2344.60647404097,0.00039288954628016737,nan
2344.6134186131812,-0.003635307811282268,nan
2344.620363185857,-0.0023479691692410987,nan
2344.627307758067,0.005624129789745996,nan
2344.6342523302783,0.009795908600459619,nan
2344.6411969024894,0.008337164563771343,nan
2344.6481414746986,0.009958332841761272,nan
2344.6550860469088,0.004090804985150964,nan
2344.662030618654,0.009722380955263496,nan
2344.6689751908652,0.011613989540974243,nan
2344.6759197626097,0.013505706650296101,nan
2344.6828643343542,0.01859976409417921,nan
2344.6898089060996,0.017504127107219644,nan
2344.696753477844,0.01719158802637666,nan
2344.7036980495886,0.018890728412411226,nan
2344.710642621334,0.019411433061003944,nan
2344.717587192614,0.01866122417263258,nan
2344.7245317643583,0.019253418583177556,nan
2344.731476335637,0.021524319741192927,nan
2344.738420906917,0.018813474198120336,nan
2344.7453654781957,0.01603144373257273,nan
2344.752310049475,0.01695014984989085,nan
2344.759254620289,0.0122822325312653,nan
2344.7661991915693,0.011434867725856168,nan
2344.7731437623825,0.009827470540398106,nan
2344.7800883331956,0.009837339188844496,nan
2344.7870329040106,0.005169929651588051,nan
2344.793977474824,0.0024398520233543664,nan
2344.800922045637,-0.0031605819803391666,nan
2344.807866616451,-0.010807801179789925,nan
2344.814811186799,-0.0077594559150327425,nan
2344.821755757147,-0.00997557414076461,nan
2344.82870032796,-0.01311072234803444,nan
2344.8356448983086,-0.010846115483449992,nan
2344.842589468656,-0.010301677385289629,nan
2344.849534038538,-0.011503361069727616,nan
2344.8564786088864,-0.008269282902678587,nan
2344.8634231787682,-0.0049469981768999055,nan
2344.8703677491167,-0.00292233555960196,nan
2344.8773123189976,-0.0032724149058941665,nan
2344.8842568888813,-0.005788865311236818,nan
2344.891201458764,-0.0022447493405975127,nan
2344.8981460281802,-0.003916470950896644,nan
2344.905090598062,-0.000603329626975041,nan
2344.912035167945,-0.0072168284055385695,nan
2344.918979737361,-0.002588125254391588,nan
2344.9259243067772,-0.006246735504352757,nan
2344.9328688761943,-0.00847014553151676,nan
2344.9398134456105,-0.01058616524703107,nan
2344.946758014562,-0.016810292109742192,nan
2344.953702583978,-0.015023808765099539,nan
2344.96064715293,-0.01480481337365272,nan
2344.9675917223467,-0.012522935229893534,nan
2344.974536291298,-0.015471118955138696,nan
2344.9814808602487,-0.0161912109112161,nan
2344.988425429199,-0.01433613134965267,nan
2344.995369997685,-0.008342662791975597,nan
2345.0023145666364,-0.010295229917596668,nan
2345.0092591351213,-0.010433097369200575,nan
2345.016203703606,-0.012942492996737678,nan
2345.023148272092,-0.01134778857191028,nan
2345.030092840577,-0.012033562771962089,nan
2345.0370374090626,-0.0022657061917798066,nan
2345.0439819770827,0.0006152256947053458,nan
2345.0509265455667,0.0029356892328874507,nan
2345.0578711135868,0.0031556013272281414,nan
2345.0648156816064,0.0010982062788954666,nan
2345.071760249626,-0.0048213664301215015,nan
2345.078704817646,-0.003846808152393577,nan
2345.0856493856654,-0.006995228036194082,nan
2345.09259395322,0.0024335321350520966,nan
2345.099538521239,0.008862711385320979,nan
2345.1064830887917,0.009198359445150475,nan
2345.113427656346,0.0036980927548115605,nan
2345.1203722239006,0.0025082745272943657,nan
2345.127316790989,0.0034980275783460663,nan
2345.134261358542,0.006466203428451778,nan
2345.141205925631,0.01253716174629721,nan
2345.1481504927197,0.013346386891922177,nan
2345.155095060273,0.013604231810830425,nan
2345.162039626896,0.012345238546805637,nan
2345.168984193984,0.015025483501808296,nan
2345.175928761073,0.016827374240455162,nan
2345.182873327696,0.01545514920028107,nan
2345.1898178947845,0.013058874226021755,nan
2345.196762461407,0.013249366806346446,nan
2345.2037070280303,0.011011501913547897,nan
2345.210651594187,0.014077778189994797,nan
2345.2175961608095,0.009685727122869817,nan
2345.224540726967,0.010668688655472991,nan
2345.231485293589,0.011326949270804049,nan
2345.2384298597462,0.006476312923206967,nan
2345.2453744259037,0.002640909381666834,nan
2345.2523189920603,-0.002002182092108326,nan
2345.259263557751,-0.007824760128952932,nan
2345.2662081239087,-0.010223036750268671,nan
2345.2731526896,-0.013984963575269668,nan
2345.2800972552914,-0.01614010368080497,nan
2345.2870418209823,-0.019655103812748362,nan
2345.293986386673,-0.020315732693565486,nan
2345.300930952365,-0.015115057466458026,nan
2345.30787551759,-0.01507348440462497,nan
2345.314820082816,-0.016379431960975854,nan
2345.3217646480416,-0.01274474173917356,nan
2345.328709213267,-0.015109032937609693,nan
2345.335653778492,-0.00808873170038113,nan
2345.3425983437182,-0.008795423543220326,nan
2345.3495429084787,-0.008226958774988136,nan
2345.3564874732383,-0.008009931567579787,nan
2345.363432038464,-0.005483469468708216,nan
2345.3703766027593,-0.0038828317898591813,nan
2345.377321167519,-0.004645806396373631,nan
2345.384265732278,-0.004596752245384833,nan
2345.3912102965733,-0.006067282801408114,nan
2345.398154860867,-0.010609349355611336,nan
2345.405099425161,-0.014094609419367216,nan
2345.412043989455,-0.01661571713823376,nan
2345.41898855375,-0.016835382184410552,nan
2345.425933117579,-0.018158638793418697,nan
2345.432877681874,-0.01514971979272306,nan
2345.439822245703,-0.014752506486520295,nan
2345.446766809532,-0.013070084201223464,nan
2345.4537113728948,-0.013310668737023107,nan
2345.460655936723,-0.012989809567281477,nan
2345.467600500086,-0.008191757969434305,nan
2345.474545063449,-0.010292204583241274,nan
2345.4814896268117,-0.008344385741073254,nan
2345.488434190175,-0.00847288151123353,nan
2345.495378753538,-0.003533263502114123,nan
2345.5023233164356,-0.002120571241269714,nan
2345.5092678797982,0.0029577697319003726,nan
2345.516212442695,0.002442858511196619,nan
2345.5231570051283,0.005233103247342941,nan
2345.530101568025,0.006433671312021189,nan
2345.537046130922,-0.0018608838336691413,nan
2345.5439906933543,-0.002468249955183466,nan
2345.5509352557856,-0.002299902002033491,nan
2345.557879818217,0.003264031010792673,nan
2345.564824380648,0.009362493568339486,nan
2345.5717689426147,0.011651125376352683,nan
2345.578713504581,0.010726504212969681,nan
2345.585658067012,0.00824560329527868,nan
2345.5926026285133,0.013224209009958493,nan
2345.599547190479,0.008407248218579105,nan
2345.606491752445,0.015926828693897305,nan
2345.6134363139454,0.017364761047293648,nan
2345.6203808754453,0.02315085677447286,nan
2345.627325436946,0.024204695401829623,nan
2345.634269998446,0.024529608218422677,nan
2345.64121455948,0.026631063573458513,nan
2345.6481591205156,0.022664823384131005,nan
2345.65510368155,0.026710106532853675,nan
2345.662048242584,0.02576114245643925,nan
2345.6689928036194,0.02624885540608711,nan
2345.675937364189,0.022386528259612043,nan
2345.6828819252232,0.0215455093195749,nan
2345.689826485792,0.02149256525123716,nan
2345.6967710458957,0.021167772610657984,nan
2345.7037156064653,0.017770640369716553,nan
2345.7106601665682,0.01763070092085864,nan
2345.717604726671,0.01600233980960533,nan
2345.724549286775,0.006447795016275681,nan
2345.731493846878,0.00806059262286668,nan
2345.7384384065163,0.004982684376550875,nan
2345.745382966619,-0.003907635439280924,nan
2345.752327526257,-0.0057961643763365656,nan
2345.759272085429,-0.007197995434684384,nan
2345.7662166450664,-0.007734344156544046,nan
2345.7731612042385,-0.00478936048145559,nan
2345.7801057634115,-0.009661360012112624,nan
2345.787050322584,-0.010419569077410665,nan
2345.7939948817566,-0.004337115312799941,nan
2345.800939440463,-7.389139496333241e-05,nan
2345.807883999169,-0.003093122995067879,nan
2345.814828557875,0.0015090186638189035,nan
2345.8217731165814,-0.00011464169283383063,nan
2345.8287176748227,0.003449659467792701,nan
2345.835662233063,0.0007012769358655663,nan
2345.8426067913033,-0.0008035840532899657,nan
2345.849551349544,-0.00012968260234641482,nan
2345.85649590732,-0.0008236837185207624,nan
2345.8634404650948,-0.003933823676285031,nan
2345.8703850228703,-0.0039017344976604723,nan
2345.877329580645,-0.008809538307308906,nan
2345.884274137954,-0.0132445430051496,nan
2345.891218695263,-0.012130465647843286,nan
2345.898163252573,-0.012165243573596496,nan
2345.905107809883,-0.008966539382017885,nan
2345.912052366726,-0.008353970604775135,nan
2345.918996923569,-0.011038194425124201,nan
2345.9259414804137,-0.011189603089963862,nan
2345.932886037257,-0.009212375575436735,nan
2345.9398305936347,-0.011061375013599828,nan
2345.9467751500133,-0.01054634381180053,nan
2345.953719706392,-0.008273847459358358,nan
2345.960664262304,-0.0061444960199665,nan
2345.967608818216,-0.0038270086572499418,nan
2345.974553374129,0.0035181259798415243,nan
2345.981497930041,0.004321424843782451,nan
2345.988442485487,0.007937045413147381,nan
2345.9953870409345,0.004193115876154632,nan
2346.0023315963817,0.0037894113552323916,nan
2346.009276151362,-0.0017934688420395972,nan
2346.016220706343,-0.0004777879351545167,nan
2346.0231652613247,-0.00018368435397397853,nan
2346.0301098158407,0.00533768469335992,nan
2346.0370543708214,0.009993953254360921,nan
2346.0439989253364,0.006696992165185142,nan
2346.0509434793867,0.009068109653103992,nan
2346.057888033436,0.005737615092552162,nan
2346.0648325874863,0.004717107962060069,nan
2346.0717771415357,0.012317384049212912,nan
2346.0787216951203,0.014764173356111798,nan
2346.085666248704,0.014365371940660662,nan
2346.0926108022877,0.017047000182038946,nan
2346.0995553554067,0.016872952946669947,nan
2346.1273335669484,0.018261305499286923,nan
2346.1342781196017,0.017444887611909654,nan
2346.141222671788,0.01455385625103181,nan
2346.148167223975,0.011085950198618147,nan
2346.155111776163,0.012863860032044552,nan
2346.162056327884,0.00828413456789058,nan
2346.169000879605,0.00920102060313746,nan
2346.1759454308612,0.00648981796973605,nan
2346.1828899821176,0.00915926536360373,nan
2346.189834533373,-0.000516835379325134,nan
2346.1967790841627,-0.0040718573739195185,nan
2346.2037236349533,-0.009461759206835452,nan
2346.210668185744,-0.009189991768962735,nan
2346.217612736068,-0.013159730390928229,nan
2346.224557286392,-0.017260062278026136,nan
2346.2315018362524,-0.017545953296316058,nan
2346.23844638611,-0.01941064582944227,nan
2346.245390935969,-0.015946928749380168,nan
2346.252335485362,-0.016501426592510374,nan
2346.2592800347556,-0.012776902957735398,nan
2346.2662245836827,-0.009129922516431244,nan
2346.2731691326107,-0.008239196422362732,nan
2346.280113681538,-0.009783727636616363,nan
2346.28705823,-0.009758502187740964,nan
2346.2940027784607,-0.0063283769394587575,nan
2346.3009473264574,-0.0023721953775484445,nan
2346.307891874454,-0.002855974644134701,nan
2346.314836421984,-0.003759381883696983,nan
2346.3217809695143,-0.005737405426644748,nan
2346.3287255165797,-0.007135673882662327,nan
2346.335670063644,-0.013170333168197698,nan
2347.307903044777,-0.01780154051593434,nan
2347.3148475341,-0.023836429184147537,nan
2347.321792023423,-0.023949039902145003,nan
2347.328736511814,-0.01719407855183077,nan
2347.3356810006717,-0.0193774033142824,nan
2347.342625488598,-0.01638657682132129,nan
2347.3495699765235,-0.01832516001644477,nan
2347.3565144639842,-0.013730659386288882,nan
2347.3634589509784,-0.016103933863237704,nan
2347.370403437973,-0.01008569542455677,nan
2347.377347924502,-0.0024649732160979612,nan
2347.3842924110304,-0.004123749765994365,nan
2347.391236897093,-0.0037828032843198398,nan
2347.398181382692,-0.005645564780259311,nan
2347.4051258682894,-0.011382103215932714,nan
2347.412070353421,-0.011238590650654981,nan
2347.4190148385533,-0.012922262880033123,nan
2347.425959323219,-0.0037262581914121184,nan
2347.432903807885,0.0013023235554320695,nan
2347.4398482920856,0.00199415738090929,nan
2347.446792775821,0.0010118601043431555,nan
2347.4537372600207,0.002398573007289781,nan
2347.4606817432905,0.0016929543270690628,nan
2347.4676262265602,0.00517919788534333,nan
2347.474570709829,0.00894514469003566,nan
2347.481515193098,0.011165146929028091,nan
2347.488459675901,0.013452329919948575,nan
2347.49540415824,0.0168566145447382,nan
2347.502348640577,0.016530330508299215,nan
2347.5092931229146,0.01731938753681356,nan
2347.516237605253,0.01665768129907004,nan
2347.523182087126,0.018796737487150588,nan
2347.530126568532,0.019559859218034003,nan
2347.537071050405,0.019432852694385466,nan
2347.544015531812,0.01670807622477757,nan
2347.550960013218,0.015598880510864648,nan
2347.5579044941587,0.014772390933454787,nan
2347.5648489750993,0.014001268543816912,nan
2347.5717934560407,0.009638379533586752,nan
2347.578737936982,0.008401914496350872,nan
2347.585682417456,0.005792841737913023,nan
2347.592626897932,0.0007505869886953514,nan
2347.5995713784077,-0.0054812433070813415,nan
2347.6065158588817,-0.007193874449373104,nan
2347.6134603393566,-0.010742808248663333,nan
2347.6204048193667,-0.010505367589722307,nan
2347.627349299376,-0.012961119367009579,nan
2347.634293779385,-0.009399512622959221,nan
2347.6412382589297,-0.012353539390833897,nan
2347.648182738939,-0.008724472713854604,nan
2347.6551272184834,-0.010614161613311066,nan
2347.662071698026,-0.0057082071477525115,nan
2347.6690161775705,-0.0011376391904231037,nan
2347.675960657115,-0.001017827625636708,nan
2347.6829051366585,-0.0005215929924028417,nan
2347.6898496157373,-0.0010227357702824943,nan
2347.696794095282,-0.0006916178954776003,nan
2347.7037385743597,0.0006908116360263838,nan
2347.7106830534367,0.0024244953034594785,nan
2347.717627532516,-0.004604708058588147,nan
2347.7245720115952,-0.0015125753027572797,nan
2347.731516490672,-0.0028487926880046838,nan
2347.73846096975,-0.00903240062714844,nan
2347.745405448829,-0.018806172790454434,nan
2347.752349927442,-0.014379398838290064,nan
2347.75929440652,-0.013441451001683632,nan
2347.766238885132,-0.012127604476130746,nan
2347.7731833637463,-0.015079513869248107,nan
2347.780127842824,-0.01270665603420501,nan
2347.787072321436,-0.011414698539418303,nan
2347.7940168000487,-0.0079767756649044,nan
2347.800961278662,-0.008515253147751534,nan
2347.807905757274,-0.00889641667942001,nan
2347.8148502358863,-0.011980900588452748,nan
2347.821794714965,-0.010640637071157352,nan
2347.8287391931117,-0.00784744390196121,nan
2347.835683671724,-0.0018071999764939783,nan
2347.842628150337,0.0027827587240430995,nan
2347.84957262895,0.007604324826500794,nan
2347.8565171075634,0.0048812993935561655,nan
2347.8634615861747,0.004693896520595778,nan
2347.870406064787,-0.0019663390687267857,nan
2347.877350543399,-0.00502455257538531,nan
2347.8842950215458,-0.008310043905457448,nan
2347.891239500159,0.0013964577769139674,nan
2347.898183978772,0.011169763656966647,nan
2347.9051284573843,0.012290166279230769,nan
2347.912072935531,0.009791191119271181,nan
2347.919017414143,0.007424846013714043,nan
2347.925961892757,0.010706201419862144,nan
2347.932906371369,0.011650592615245592,nan
2347.9398508499808,0.01747871713725041,nan
2347.9467953281282,0.01640131363343897,nan
2347.9537398067414,0.018880098407102697,nan
2347.9606842853527,0.020060792762841922,nan
2347.967628763967,0.02161584294895083,nan
2347.974573242579,0.0237723296922622,nan
2347.9815177207256,0.024064475219075593,nan
2347.988462199338,0.023068215883510268,nan
2347.995406677951,0.022551587570548093,nan
2348.002351156564,0.021625604791181224,nan
2348.0092956351764,0.02077199520732706,nan
2348.0162401137877,0.023472606701751886,nan
2348.023184592402,0.020549613278074752,nan
2348.030129071015,0.019039418598829044,nan
2348.037073549627,0.01967849208590236,nan
2348.0440180282403,0.015752691085816256,nan
2348.050962506853,0.00886552677429267,nan
2348.0579069859314,0.005175101832313289,nan
2348.0648514645427,0.001154883028116227,nan
2348.071795943156,0.0002565557366822069,nan
2348.078740421769,-0.005808344013543076,nan
2348.0856849003812,-0.008948655606656947,nan
2348.092629379459,-0.011463189106702382,nan
2348.0995738580714,-0.007307506161518373,nan
2348.1065183366827,-0.008948492606145025,nan
2348.1134628157606,-0.007936474918591119,nan
2348.1204072943747,-0.004127631594654652,nan
2348.127351773453,-0.003566665032148336,nan
2348.134296252065,0.0008453097050324376,nan
2348.1412407311427,0.004338809224500251,nan
2348.148185209756,0.0009214031132901424,nan
2348.1551296888347,0.0027865081760723442,nan
2348.1620741679117,0.00034286550529774584,nan
2348.169018646991,0.005550382019242656,nan
2348.1759631256036,0.0058372473703883765,nan
2348.182907604682,0.0017295950092244272,nan
2348.1898520837603,-0.0018747423132736973,nan
2348.1967965628382,-0.0015035805663558277,nan
2348.203741041917,-0.005849424933337594,nan
2348.210685520995,-0.011112289276799636,nan
2348.217630000073,-0.011177635957862114,nan
2348.2245744791517,-0.011436194103558173,nan
2348.23151895823,-0.01280912895693706,nan
2348.2384634373084,-0.011320495753372739,nan
2348.2454079163863,-0.010036049394146235,nan
2348.252352395465,-0.008741909916372193,nan
2348.2592968750087,-0.006884991438849686,nan
2348.266241354087,-0.0018040310872128595,nan
2348.2731858331654,-0.0007624780192616032,nan
2348.280130312709,-0.003946475224565482,nan
2348.287074791786,-0.006383191471728833,nan
2348.294019270864,-0.0019841885082214628,nan
2348.3009637504083,0.0029567453042179392,nan
2348.307908229487,0.010468139113940206,nan
2348.3148527090307,0.006605827230549838,nan
2348.3217971885742,0.004570120018751955,nan
2348.328741667653,0.00803724553896551,nan
2348.3356861471966,0.002050662802326547,nan
2348.34263062674,-0.0017306811618656437,nan
2348.349575105819,-0.0063189372599394555,nan
2348.356519585363,0.0021088537256668816,nan
2348.363464064907,0.006481251087626816,nan
2348.3704085444515,0.010313872299006405,nan
2348.377353023996,0.008248843424825708,nan
2348.3842975035386,0.005150679639793682,nan
2348.391241983083,0.007293783099692086,nan
2348.3981864626276,0.012167410001296175,nan
2348.405130942171,0.012428449205974329,nan
2348.4120754217147,0.013176980608482658,nan
2348.4190199012583,0.014604780163974929,nan
2348.4259643808027,0.01619402877271231,nan
2348.432908860813,0.014929156825516432,nan
2348.439853340356,0.015427761317090033,nan
2348.4467978199004,0.020637447919743118,nan
2348.453742299444,0.014990428972713757,nan
2348.4606867794528,0.016426415242830963,nan
2348.4676312589963,0.018454450088542962,nan
2348.474575739006,0.01411485865934195,nan
2348.48152021855,0.012201602928423566,nan
2348.4884646980936,0.01775698505438128,nan
2348.495409178103,0.01157485313786491,nan
2348.5023536576473,0.006778516106944507,nan
2348.509298137657,0.007938424970986457,nan
2348.5162426176666,-0.0007939687140180729,nan
2348.52318709721,-0.005114477670622397,nan
2348.5301315772213,-0.007618731552937463,nan
2348.53707605723,-0.012229983094469071,nan
2348.544020536774,-0.016599229318900066,nan
2348.5509650167833,-0.017464211809305824,nan
2348.5579094967943,-0.019309008404231137,nan
2348.5648539768026,-0.022823098713317447,nan
2348.571798456346,-0.020019575328146993,nan
2348.5787429363563,-0.022066116139661113,nan
2348.585687416366,-0.019489625763950885,nan
2348.5926318963757,-0.018138811557634416,nan
2348.599576376386,-0.013130118294296167,nan
2348.606520856395,-0.008999557422951887,nan
2348.6134653364043,-0.011262946995603207,nan
2348.6204098164117,-0.012967886197943812,nan
2348.6273542964227,-0.013486181243518414,nan
2348.634298776432,-0.010154486130961676,nan
2348.641243256441,-0.008947595297033817,nan
2348.6481877364513,-0.008967989384594505,nan
2348.6551322164605,-0.007738899107381736,nan
2348.6620766964706,-0.011257330659012466,nan
2348.66902117648,-0.018975111480181633,nan
2348.6759656564896,-0.022256674861746706,nan
2348.682910136965,-0.027822428317423792,nan
2348.689854616974,-0.022588293357184513,nan
2348.6967990969843,-0.024824823815292385,nan
2348.703743576994,-0.023996587963251687,nan
2348.7106880570036,-0.022409590236600108,nan
2348.7176325374794,-0.02341632358765447,nan
2348.7245770174886,-0.020222637421385137,nan
2348.7315214974988,-0.01897695814766598,nan
2348.7384659779736,-0.02012341093558148,nan
2348.745410457983,-0.0189680101175293,nan
2348.7523549379925,-0.01949149681310486,nan
2348.7592994180022,-0.014519907659334919,nan
2348.766243898476,-0.011917717428553881,nan
2348.773188378485,-0.006266362127041125,nan
2348.7801328589603,-0.0034466773875078127,nan
2348.7870773389714,0.0010140224305922318,nan
2348.7940218189797,-0.004986343488206646,nan
2348.8009662994555,-0.002622502306878882,nan
2348.8079107794647,-0.009179660826715619,nan
2348.81485525994,-0.007657714581406017,nan
2348.8217997399497,-0.00183200401342698,nan
2348.82874421996,0.005016148096382969,nan
2348.8356887004347,0.00968962528039663,nan
2348.842633180444,0.010026154189747546,nan
2348.849577660919,0.00734057258938714,nan
2348.856522140929,0.005576623497217811,nan
2348.8634666214048,0.00946319148249268,nan
2348.870411101414,0.013230960341880621,nan
2348.877355581424,0.015090859152641509,nan
2348.8843000619,0.017882302521595644,nan
2348.891244541909,0.02231767077966601,nan
2348.898189022383,0.02453316448946269,nan
2348.9051335023923,0.022965009672723635,nan
2348.912077982868,0.02514192262754543,nan
2348.9190224628774,0.026058405726441858,nan
2348.9259669433523,0.02596869406224979,nan
2348.932911423362,0.024458650393871573,nan
2348.939855903838,0.025679708605203758,nan
2348.9468003838474,0.02183582270105748,nan
2348.9537448643223,0.02138001988078561,nan
2348.960689344332,0.0207634486421166,nan
2348.9676338248073,0.01640027003179456,nan
2348.9745783048156,0.0150140569825256,nan
2348.9815227848267,0.015494259090576723,nan
2348.988467265302,0.008134862953355401,nan
2348.995411745311,0.0051339941091796265,nan
2349.0023562257866,-0.004125612598618517,nan
2349.0093007057967,-0.005038337133719498,nan
2349.0162451862707,-0.009418830697363698,nan
2349.023189666281,-0.0086111211476948,nan
2349.03013414629,-0.00945840859397215,nan
2349.037078626765,-0.010319578197936274,nan
2349.044023106774,-0.011808386452011238,nan
2349.050967587249,-0.009153617928649202,nan
2349.057912067259,-0.006067641159007167,nan
2349.0648565472693,-0.0016382572603709789,nan
2349.071801027744,-0.0012357666134656387,nan
2349.0787455077543,-0.0016951357728120647,nan
2349.085689987764,-0.0009523589653079867,nan
2349.0926344682393,0.0009903622047185145,nan
2349.0995789482477,0.0016680552580116415,nan
2349.106523428258,-7.933860544107052e-05,nan
2349.1134679087327,8.727706110370215e-05,nan
2349.120412388743,0.0013625606716682337,nan
2349.127356868752,-0.0014536432403365052,nan
2349.1343013487613,-0.0061921165039640624,nan
2349.141245829237,-0.008420556931027029,nan
2349.148190309247,-0.010113714417661124,nan
2349.1551347892564,-0.015800693423761974,nan
2349.1620792692647,-0.009945984758702398,nan
2349.169023749274,-0.015067569068408504,nan
2349.175968229749,-0.013816808831578736,nan
2349.182912709759,-0.011567876019447157,nan
2349.189857189769,-0.009359391020925006,nan
2349.1968016697783,-0.01229818031768698,nan
2349.2037461497866,-0.00835748497447343,nan
2349.2106906297977,-0.01006997417213959,nan
2349.217635109807,-0.011077835475282682,nan
2349.224579589816,-0.010477544481593673,nan
2349.2315240698263,-0.003927023594768986,nan
2349.2384685498373,0.001502054126046773,nan
2349.2454130298456,0.002697616870344227,nan
2349.252357509855,0.008412516932767067,nan
2349.259301989865,0.003907257142293424,nan
2349.266246469875,0.0026800606356394696,nan
2349.2731909498834,-0.002624389926787568,nan
2349.280135429427,-0.0022532992034088872,nan
2349.287079909437,0.00158199430362857,nan
2349.2940243894463,0.006361990299431061,nan
2349.3009688694547,0.010364830292604224,nan
2349.3079133494657,0.013755652549642922,nan
2349.31485782901,0.011530375589047015,nan
2349.3218023090194,0.01217743434006753,nan
2349.3287467890277,0.015321854128562545,nan
2349.335691268572,0.01471497927246504,nan
2349.3426357485823,0.018489645730875442,nan
2349.349580228126,0.020746636577224226,nan
2349.3565247081356,0.022126782422380406,nan
2349.3634691881452,0.025081517593034966,nan
2349.370413667689,0.02761582036673335,nan
2349.377358147698,0.022807700035962677,nan
2349.3843026272425,0.024021987410385665,nan
2349.391247106786,0.02477754843941271,nan
2349.3981915867953,0.01884018702065146,nan
2349.405136066339,0.01858652610371858,nan
2349.4120805458833,0.024135747858456624,nan
2349.419025025893,0.019895963311221856,nan
2349.425969505436,0.01587905885053978,nan
2349.4329139849806,0.014266898407889417,nan
2349.439858464525,0.012894257810514953,nan
2349.4468029440677,0.014915854767609829,nan
2349.453747424078,0.007467517853842101,nan
2349.4606919036223,0.005020963240908227,nan
2349.467636383166,-0.0004881905044591267,nan
2349.4745808627104,-0.0034681472281160725,nan
2349.481525342253,-0.010295015707332877,nan
2349.4884698217975,-0.012263562083176027,nan
2349.495414301342,-0.00959643818549881,nan
2349.502358780419,-0.01056394737791394,nan
2349.5093032599625,-0.009103809676680258,nan
2349.516247739507,-0.00844641383724612,nan
2349.5231922190496,-0.009314674021761754,nan
2349.530136698594,-0.0006572606531812103,nan
2349.5370811776725,-0.0015641889006560994,nan
2349.5440256572174,-0.0020271650677513853,nan
2349.55097013676,-0.0006235543021282236,nan
2349.557914615838,0.001933713902601164,nan
2349.5648590953824,0.0019499478325427366,nan
2349.5718035744612,-0.0023668047790107727,nan
2349.578748054005,0.0007320150714975882,nan
2349.5856925330836,0.0008980045945456844,nan
2349.5926370121624,-0.0007154424123585468,nan
2349.599581491706,-0.008903311004458875,nan
2349.606525970783,-0.010599735660879933,nan
2349.613470449861,-0.019646371390212664,nan
2349.6204149289397,-0.018385361234493622,nan
2349.6273594084832,-0.019108021773587003,nan
2349.634303887561,-0.015456172371514823,nan
2349.64124836664,-0.014090831015220101,nan
2349.648192845718,-0.0214946412417064,nan
2349.6551373247958,-0.018090375279629756,nan
2349.6620818038746,-0.012739310716467334,nan
2349.6690262829534,-0.01826439143210168,nan
2349.6759707620313,-0.015532101595366457,nan
2349.6829152406426,-0.0192095707784576,nan
2349.689859719722,-0.017666208518778204,nan
2349.6968041988002,-0.01334715308410242,nan
2349.7037486774134,-0.009870855506490459,nan
2349.7106931564913,-0.006334128310894471,nan
2349.717637635569,-0.0033214494274495243,nan
2349.724582114181,-0.0008985535527164523,nan
2349.7315265932593,-0.00684648629207435,nan
2349.7384710718716,-0.010599352879853918,nan
2349.7454155509504,-0.011777436318402043,nan
2349.7523600295626,-0.011108920301373226,nan
2349.759304508175,-0.0055565574207750296,nan
2349.766248986788,0.0034783214637078425,nan
2349.773193465867,0.003930067997462691,nan
2349.780137944479,0.000981075511484908,nan
2349.7870824230913,0.0005926544338626105,nan
2349.7940269017054,0.004362978141011678,nan
2349.8009713803167,0.002409466368571145,nan
2349.807915858929,0.004771016860493499,nan
2349.8148603375403,0.010747362268702071,nan
2349.8218048161543,0.007384426425528903,nan
2349.8287492943,0.010480139821453488,nan
2349.8356937729122,0.013669706517383445,nan
2349.8426382515254,0.0132933040372335,nan
2349.849582729673,0.012861390144920007,nan
2349.856527208285,0.012057371044127366,nan
2349.8634716868983,0.01182478769334988,nan
2349.870416165045,0.009217081018415896,nan
2349.8773606431923,0.010187342818992862,nan
2349.8843051218037,0.010770024933298858,nan
2349.891249599951,0.006599521876798187,nan
2349.8981940780977,0.005873174534431563,nan
2349.90513855671,0.004266325644732921,nan
2349.9120830348566,0.004350694488660267,nan
2349.919027513004,0.0011196191179554393,nan
2349.9259719911506,-0.0012807401822683973,nan
2349.932916469297,-0.006841555866049204,nan
2349.9398609474447,-0.014572553444769099,nan
2349.946805425592,-0.020427396494148556,nan
2349.953749903273,-0.01871148086043184,nan
2349.9606943814197,-0.02078718411662467,nan
2349.9676388595663,-0.018315333914152077,nan
2349.9745833377137,-0.01663171912611218,nan
2349.9815278153947,-0.017021060342125305,nan
2349.988472293542,-0.016178609333300037,nan
2349.995416771224,-0.009757761178942156,nan
2350.0023612493696,-0.0093834480411491,nan
2350.0093057270497,-0.0062223192976317565,nan
2350.0162502047315,-0.004591357437350077,nan
2350.0231946824133,-0.0038557887040273076,nan
2350.03013916056,-0.0029512676223320267,nan
2350.037083638241,-0.003098038086627841,nan
2350.0440281159226,-0.000508179608632725,nan
2350.050972593604,-0.003414106736093353,nan
2350.0579170712854,-0.005327731226829571,nan
2350.0648615489663,-0.00589097515368453,nan
2350.071806026182,-0.012283172982589158,nan
2350.0787505038634,-0.013810839988710133,nan
2350.0856949815443,-0.014055384141601235,nan
2350.0926394587586,-0.01390299425455821,nan
2350.0995839364405,-0.014116952902897245,nan
2350.1065284141223,-0.013404454968564947,nan
2350.1134728913366,-0.009777892517692469,nan
2350.120417368553,-0.009155329292620362,nan
2350.1273618462337,-0.005661887955942135,nan
2350.13430632345,-0.006065332915893673,nan
2350.141250800665,-0.006264897485724272,nan
2350.148195277882,-0.007310610955828273,nan
2350.155139755097,-0.0065504848741713695,nan
2350.162084232312,-0.004931063564723656,nan
2350.169028709528,0.0022319753366805417,nan
2350.175973186744,0.006596485296263957,nan
2350.1829176639585,0.007925314475184325,nan
2350.1898621411738,0.011232213313184997,nan
2350.1968066179243,0.006784042266395923,nan
2350.2037510951386,0.006171307208511806,nan
2350.210695571889,0.0004284652083792473,nan
2350.2176400491053,0.002681598675308386,nan
2350.224584525855,0.008481157844340614,nan
2350.23152900307,0.014352217819103008,nan
2350.2384734798197,0.01508412607109054,nan
2350.2454179565702,0.018057948444846664,nan
2350.2523624333207,0.01586203964799214,nan
2350.2593069100703,0.037771098225418936,nan
2350.266251386821,0.026818735545729416,nan
2350.27319586357,0.024129248351599353,nan
2350.280140340319,0.02365012848342285,nan
2350.2870848170687,0.027995179156816166,nan
2350.294029293819,0.02713771165133433,nan
2350.300973770104,0.024170749952259596,nan
2350.3079182468537,0.024926270302783604,nan
2350.3148627231367,0.029623184412429178,nan
2350.321807199887,0.02811931343734579,nan
2350.328751676172,0.024032112329796018,nan
2350.3356961529216,0.0192382240629346,nan
2350.3426406292065,0.018417230642913715,nan
2350.3495851054913,0.023299870350257573,nan
2350.3565295817743,0.019768424459608226,nan
2350.3634740580583,0.015387133591722717,nan
2350.370418534342,0.015736363862395283,nan
2350.377363010627,0.011332300392372312,nan
2350.384307486911,0.008938088571455532,nan
2350.391251963195,0.004570660549884767,nan
2350.398196439013,-0.002267718966243254,nan
2350.405140915298,-0.00473314342065409,nan
2350.412085391117,-0.009575288798005323,nan
2350.419029867401,-0.011506484242117726,nan
2350.4259743432203,-0.010384974873782059,nan
2350.4329188195043,-0.010971659751856953,nan
2350.4398632953216,-0.00696927146854022,nan
2350.44680777114,-0.009003653488924401,nan
2350.453752246959,-0.010735803351119136,nan
2350.4606967227783,-0.005824851972409298,nan
2350.4676411985965,0.00024121836447984352,nan
2350.4745856744157,-0.0013819613809930853,nan
2350.481530150234,-0.001463558704618513,nan
2350.4884746255857,-0.0021507192436309025,nan
2350.495419101406,-6.648543959093811e-05,nan
2350.502363577224,0.0030879955067785875,nan
2350.5093080525767,-0.0004241574563987327,nan
2350.516252528395,0.0018718955931404657,nan
2350.523197003748,0.0017770324472169072,nan
2350.5301414791,-0.003460816016628787,nan
2350.537085954453,-0.009969500465617225,nan
2350.544030430272,-0.013141111928826256,nan
2350.550974905625,-0.017497150455677526,nan
2350.557919380978,-0.01709062531029862,nan
2350.564863855865,-0.0153964939825365,nan
2350.5718083312186,-0.01728702499929239,nan
2350.578752806571,-0.01519940633878105,nan
2350.585697281924,-0.013696513206081451,nan
2350.5926417568107,-0.016484388840530204,nan
2350.5995862321643,-0.010757913390368731,nan
2350.606530707051,-0.010262075481514525,nan
2350.613475182403,-0.0126036686985955,nan
2350.6204196549625,-0.012535539646348764,nan
2350.627364130316,-0.01144766175049236,nan
2350.634308605203,-0.0022957931112311397,nan
2350.64125308009,-0.002848229612549061,nan
2350.6481975549777,0.0014805006584555844,nan
2350.6551420298647,0.00021626779622636177,nan
2350.662086504287,0.003288697391474235,nan
2350.669030979174,-0.0030503584340856524,nan
2350.6759754540617,-0.004838207367866235,nan
2350.682919928482,-0.008708770475231838,nan
2350.689864403369,-0.003709514692453557,nan
2350.6968088777903,0.006368779704146642,nan
2350.703753352678,0.011544115552090659,nan
2350.7106978271004,0.008662149366341639,nan
2350.7176423015208,0.006562636256367438,nan
2350.724586775943,0.006481766341363562,nan
2350.731531250365,0.00988032730941231,nan
2350.738475724786,0.012518336558004148,nan
2350.7454201992077,0.014893198634119267,nan
2350.7523646736295,0.019424762300613282,nan
2350.7593091475846,0.017364068302451616,nan
2350.766253622006,0.02094444507058766,nan
2350.773198096427,0.02060615253670886,nan
2350.7801425703838,0.020889011807394997,nan
2350.7870870443403,0.018967380940042522,nan
2350.7940315187607,0.01881777461651145,nan
2350.800975992717,0.017979875844096264,nan
2350.8079204666737,0.020935307454994785,nan
2350.8148649406303,0.016601610639476037,nan
2350.821809414586,0.013824042472528678,nan
2350.828753888542,0.014769969989985893,nan
2350.835698362497,0.010579170066231991,nan
2350.842642835986,0.011116893334124162,nan
2350.8495873099428,0.0015897757450127892,nan
2350.8565317834327,-0.0002626254732704947,nan
2350.8634762573893,-0.003948830673600273,nan
2350.8704207308792,-0.01187080197395466,nan
2350.877365204369,-0.010898004411451473,nan
2350.8843096783257,-0.016123306706918583,nan
2350.8912541518157,-0.01809848128529877,nan
2350.8981986253066,-0.018788157212768816,nan
2350.905143098797,-0.013342146312665462,nan
2350.9120875722865,-0.01750416338842585,nan
2350.91903204531,-0.018664233874368164,nan
2350.925976518801,-0.013994455762066843,nan
2350.9329209922917,-0.010559937856944854,nan
2350.939865465316,-0.00883128071499839,nan
2350.946809938806,-0.010302034422877096,nan
2350.9537544118302,-0.01155983667978791,nan
2350.9606988848564,-0.008934742612932388,nan
2350.9676433578798,-0.010662102740801885,nan
2350.9745878313706,-0.005902921727561822,nan
2350.981532304395,-0.00936175579673338,nan
2350.9884767769527,-0.009416070227404243,nan
2350.9954212499774,-0.013832940447111683,nan
2351.002365723002,-0.01689309463903739,nan
2351.0093101960283,-0.022163562011547414,nan
2351.016254668586,-0.02660901846039529,nan
2351.0231991416113,-0.02212624453860905,nan
2351.03014361417,-0.02071029483853068,nan
2351.037088086729,-0.021169316702258113,nan
2351.0440325597538,-0.024952729940973792,nan
2351.0509770323133,-0.020395645863657687,nan
2351.0579215048715,-0.020747082573336934,nan
2351.0648659774297,-0.019876570133599322,nan
2351.0718104499883,-0.01702669454798114,nan
2351.0787549225474,-0.022010705240990996,nan
2351.085699394641,-0.0222059846524133,nan
2351.0926438672,-0.014469732608324376,nan
2351.0995883392934,-0.012760628053711025,nan
2351.106532811853,-0.005899537112437646,nan
2351.113477283946,-0.0036201229316761736,nan
2351.120421756039,0.0014381204183689447,nan
2351.1273662285967,-0.0019465999707756303,nan
2351.1343107006896,-0.005175977564537897,nan
2351.1412551727826,-0.007480646421244477,nan
2351.1481996448756,-0.008567988246222916,nan
2351.1551441165047,-0.004923693005795607,nan
2351.1620885885977,0.0029535589707562968,nan
2351.1690330606907,0.009678441284137085,nan
2351.17597753232,0.004906933053292477,nan
2351.182922004413,0.004909672474336976,nan
2351.18986647604,0.007665470839417106,nan
2351.196810947667,0.007809261530419963,nan
2351.203755419295,0.010473277841930882,nan
2351.210699891388,0.01512843447194583,nan
2351.217644363015,0.015434074046033606,nan
2351.2245888341768,0.018797455768798432,nan
2351.231533305805,0.0187443614065725,nan
2351.238477777433,0.02247369491543432,nan
2351.2454222490596,0.02033058009353103,nan
2351.252366720222,0.02511246150673795,nan
2351.2593111918513,0.020154928654494638,nan
2351.266255663011,0.01895346540041064,nan
2351.273200134173,0.021233807562839727,nan
2351.280144605335,0.018444746256137203,nan
2351.2870890769627,0.017713782071930764,nan
2351.2940335481253,0.020768616806532088,nan
2351.3009780188213,0.01980394488747881,nan
2351.307922489983,0.014169671838248049,nan
2351.3148669611446,0.011805839403329924,nan
2351.321811432307,0.007761496102829928,nan
2351.328755903003,0.00737330697517375,nan
2351.3357003741658,-0.0028285100923468726,nan
2351.342644844861,-0.006969175603178654,nan
2351.349589315557,-0.007164033411237836,nan
2351.3565337862537,-0.010525194919776312,nan
2351.3634782569507,-0.009783063381588204,nan
2351.3704227276467,-0.006751411514790088,nan
2351.3773671983436,-0.00807487956889779,nan
2351.38431166904,-0.007586813689276224,nan
2351.391256139736,-0.003995485472970212,nan
2351.398200609966,-0.0016232803876993739,nan
2351.405145080662,0.003172302879513249,nan
2351.4120895508922,0.0021308686656614367,nan
2351.4190340215882,0.0053421978317436565,nan
2351.425978491819,0.004011770278419327,nan
2351.43292296205,0.0034292623026687327,nan
2351.439867432281,0.00396572957748554,nan
2351.4468119025114,0.006136693028790573,nan
2351.4537563727426,0.004277583535727582,nan
2351.4607008425082,0.003728906709646762,nan
2351.4676453127377,0.00022562005271348912,nan
2351.474589782967,-0.0069386220487038935,nan
2351.4815342527327,-0.009269207336040464,nan
2351.4884787224983,-0.011201691612332594,nan
2351.4954231927277,-0.007169081987898278,nan
2351.5023676624933,-0.010864711682559942,nan
2351.509312132258,-0.008194240257056142,nan
2351.5162566020226,-0.009382821026887575,nan
2351.523201071788,-0.007345883480228278,nan
2351.530145541554,-0.002214770393029881,nan
2351.537090010853,-0.0042889587788733086,nan
2351.544034480617,-0.009881628785813425,nan
2351.5509789503812,-0.007045681994684888,nan
2351.557923419681,-0.0033542516229878444,nan
2351.564867888981,-0.006954514896441333,nan
2351.57181235828,0.0034202586975087337,nan
2351.578756828045,0.006343008830655528,nan
2351.5857012973447,0.008192575952098484,nan
2351.5926457666437,0.006991066075677382,nan
2351.599590235476,0.0020444768353582513,nan
2351.606534704775,-0.001364297658726435,nan
2351.613479174075,-0.006308252848773344,nan
2351.6204236429094,-0.0010698331872973713,nan
2351.6273681122084,0.007124407375680368,nan
2351.6343125810417,0.013165533348588943,nan
2351.641257049876,0.014318336961446652,nan
2351.6482015187094,0.011710476492938646,nan
2351.6551459880084,0.00802557406595094,nan
2351.662090456376,0.014161457659848095,nan
2351.6690349252094,0.015547613561451363,nan
2351.6759793940428,0.01558186437335679,nan
2351.6829238628766,0.01638399241017184,nan
2351.6898683312447,0.020547495251667068,nan
2351.696812800078,0.020255034507408388,nan
2351.7037572684458,0.022766863452440396,nan
2351.7107017368153,0.022285091450970247,nan
2351.7176462056486,0.022215186868165603,nan
2351.7245906740163,0.021291049487797715,nan
2351.7315351423836,0.022194143547028686,nan
2351.7384796107517,0.017803356176245552,nan
2351.7454240786537,0.019318917563393177,nan
2351.7523685470223,0.017578969798737742,nan
2351.75931301539,0.017620276681098827,nan
2351.766257483293,0.01592179244197472,nan
2351.773201951195,0.013204798647375504,nan
2351.7801464195627,0.008092034702469941,nan
2351.7870908874647,0.0028164190287792504,nan
2351.7940353553668,0.003473118775823833,nan
2351.800979823269,-0.006033397357857104,nan
2351.8079242911717,-0.009750145006414628,nan
2351.8148687590738,-0.015794177683941674,nan
2351.82181322651,-0.016571414395194058,nan
2351.828757694412,-0.016599699469436534,nan
2351.8357021618494,-0.013566234345283968,nan
2351.8426466297524,-0.011003003426060691,nan
2351.849591097188,-0.0104519660189837,nan
2351.856535564624,-0.01208010925747574,nan
2351.8634800320606,-0.010212750792600783,nan
2351.870424499498,-0.007022341152694581,nan
2351.8773689669342,-0.0080636965235391,nan
2351.884313434371,-0.00646240585025195,nan
2351.891257901809,-0.009059146102386756,nan
2351.8982023687786,-0.004246520457886906,nan
2351.905146836216,-0.0051708685000003765,nan
2351.9120913031857,-0.00566547552066736,nan
2351.9190357701573,-0.008300880411625057,nan
2351.925980237128,-0.007703730876310211,nan
2351.9329247040987,-0.013614550879073508,nan
2351.9398691710703,-0.0182790730961582,nan
2351.946813638041,-0.020594387398425874,nan
2351.9537581050117,-0.01920805719311701,nan
2351.9607025719833,-0.022548259104214555,nan
2351.9676470384893,-0.021788937550200567,nan
2351.974591505459,-0.017471644050933082,nan
2351.9815359719632,-0.02004547648718528,nan
2351.988480438469,-0.018423997310761907,nan
2351.995424904975,-0.017230410673336756,nan
2352.002369371946,-0.018794531942177704,nan
2352.0093138379852,-0.014661206053948994,nan
2352.016258304491,-0.01674046169642724,nan
2352.0232027709962,-0.015281054368829074,nan
2352.030147237502,-0.01016824539057357,nan
2352.0370917035407,-0.010215965967076017,nan
2352.0440361700457,0.003103731023073708,nan
2352.050980636085,-0.0013957552591081779,nan
2352.0579251021254,0.001922536159308784,nan
2352.064869568165,-0.004348431306747311,nan
2352.071814034205,-0.002675255477862515,nan
2352.0787585002445,-0.009756338504744552,nan
2352.0857029662848,-0.006958010587972865,nan
2352.092647432324,-0.001883616067636415,nan
2352.099591897897,0.009129048601475016,nan
2352.1065363639373,0.010084571722934279,nan
2352.113480829511,0.009258230535350753,nan
2352.1204252955513,0.006496648616780714,nan
2352.127369761125,0.0053914402787814675,nan
2352.1343142266987,0.007839820044221815,nan
2352.141258692273,0.011784497677762306,nan
2352.148203157847,0.017852924725523276,nan
2352.155147623421,0.0146285915084348,nan
2352.1620920885284,0.016795618331911837,nan
2352.1690365541026,0.019856818449412332,nan
2352.1759810192107,0.017778037627527464,nan
2352.1829254847853,0.020228753096942942,nan
2352.1898699498934,0.020100800363703483,nan
2352.1968144150023,0.015532205963083391,nan
2352.2037588801104,0.015521665774849328,nan
2352.2107033452176,0.016657295242918924,nan
2352.2176478103256,0.014750868312337493,nan
2352.2245922754337,0.007785438445076287,nan
2352.231536740077,0.009605882192460185,nan
2352.2384812051855,0.007361568255835,nan
2352.2454256698293,0.014008347955523394,nan
2352.2523701349373,0.004710533889802169,nan
2352.2593145995797,0.0006333565736756641,nan
2352.266259064222,-0.005404725754098106,nan
2352.2732035288636,-0.006895695573329332,nan
2352.280147993507,-0.009762483266960805,nan
2352.2870924581493,-0.01743357871114188,nan
2352.294036922327,-0.018073250306853344,nan
2352.3009813869703,-0.016302969266419737,nan
2352.307925851146,-0.014372357996617784,nan
2352.3148703157894,-0.017297576788434636,nan
2352.321814779966,-0.013561835692653524,nan
2352.328759244142,-0.011353915654597268,nan
2352.3357037083188,-0.005355275443517618,nan
2352.3426481724964,-0.0064167523364309816,nan
2352.349592636674,-0.007259249977387026,nan
2352.356537100851,-0.006753931338620178,nan
2352.363481564563,-0.003498140363583171,nan
2352.37042602874,-0.00323042453540057,nan
2352.3773704924506,0.0004360324616125011,nan
2352.3843149561617,-0.005036769910288563,nan
2352.391259420338,-0.005366369245575564,nan
2352.3982038840504,-0.007181694729450258,nan
2352.4051483477606,-0.01372697678249522,nan
2352.4120928114717,-0.016891416680624813,nan
2352.419037274718,-0.01612382794251863,nan
2352.42598173843,-0.02006232783160529,nan
2352.432926202141,-0.015339699379820593,nan
2352.439870665386,-0.012721676407642216,nan
2352.446815128632,-0.014367315088936797,nan
2352.453759592343,-0.01306402968405362,nan
2352.4607040555893,-0.008991186957567648,nan
2352.4676485188347,-0.00916785695369801,nan
2352.474592982081,-0.01083503555984179,nan
2352.481537445326,-0.011434222227416972,nan
2352.488481908106,-0.00940400645841978,nan
2352.4954263713507,-0.006709512008975026,nan
2352.5023708341314,-0.006039645325307236,nan
2352.509315297377,0.003484388708050852,nan
2352.516259760157,0.003832462474617746,nan
2352.5232042229372,0.0032862963483970865,nan
2352.530148685717,0.002067505525545514,nan
2352.5370931484968,0.0009113022104996794,nan
2352.5440376112774,-0.0013318257721340494,nan
2352.550982074057,0.0004908773514052025,nan
2352.5579265363713,0.007475784490094086,nan
2352.56487099915,0.013313130755701029,nan
2352.5718154614656,0.014853861602935926,nan
2352.578759924246,0.014770850393799754,nan
2352.58570438656,0.012041399500467306,nan
2352.5926488488744,0.014008099108496269,nan
2352.599593311188,0.016472722918476505,nan
2352.606537773502,0.02083984731519786,nan
2352.6134822358163,0.08755390504702998,nan
2352.6204266976656,0.05396250382298811,nan
2352.6273711599797,0.04517492402958972,nan
2352.634315621829,0.0400452534850188,nan
2352.641260083678,0.03586327387810388,nan
2352.6482045459934,0.0364862726717723,nan
2352.655149007841,0.03067370397659562,nan
2352.662093469688,0.033506049593546236,nan
2352.669037931538,0.03001922315286215,nan
2352.675982392921,0.028567284082788642,nan
2352.682926854769,0.02789124168782012,nan
2352.6898713166183,0.02352574508657197,nan
2352.6968157780016,0.02470712829144337,nan
2352.70376023985,0.022300109936047894,nan
2352.7107047012323,0.024696358789505577,nan
2352.717649162615,0.017689709921054245,nan
2352.7245936239988,0.012924773070916315,nan
2352.7315380853806,0.01082479585240929,nan
2352.7384825467643,0.002707689088599953,nan
2352.745427007682,0.0020090484010913574,nan
2352.752371469065,-0.004792587432568739,nan
2352.759315929982,-0.007204712440862583,nan
2352.766260391364,-0.00861062861175316,nan
2352.773204852281,-0.004864677267879376,nan
2352.780149313199,-0.008285468047412408,nan
2352.7870937741172,-0.003941744992544027,nan
2352.7940382350343,0.0019606720822074927,nan
2352.8009826959524,0.004597170587834334,nan
2352.807927156869,-0.0001647573145827242,nan
2352.81487161732,0.005317627818046332,nan
2352.821816078237,0.0015634511802607495,nan
2352.8287605386904,0.006064206112253346,nan
2352.835704999141,0.003215546701401638,nan
2352.8426494595933,0.0021968521231213803,nan
2352.8495939200448,0.0013124053478026122,nan
2352.856538380497,0.0004386633205784758,nan
2352.8634828409477,-0.00287035072967114,nan
2352.8704273014,-0.008956921052913283,nan
2352.877371761386,-0.015502692066199301,nan
2352.8843162218373,-0.013047681732245226,nan
2352.891260681823,-0.01701842582421651,nan
2352.898205142275,-0.015814992764542644,nan
2352.905149602261,-0.013708759100368001,nan
2352.912094062247,-0.013642661599508542,nan
2352.9190385222328,-0.013743950723550377,nan
2352.925982981753,-0.012554648335267222,nan
2352.9329274417387,-0.011742508159851226,nan
2352.9398719017254,-0.011579076296091183,nan
2352.9468163612455,-0.01463329122534018,nan
2352.953760821232,-0.013003948754358105,nan
2352.9607052807523,-0.010330902446146137,nan
2352.967649740272,-0.008118972975239044,nan
2352.9745941997917,-0.0029338417363598563,nan
2352.9815386593127,-0.0002807286537488095,nan
2352.988483118833,0.0010516993883164846,nan
2352.995427578354,-0.0007244939153791142,nan
2353.0023720374093,-0.005803217235446555,nan
2353.0093164969294,-0.009309122052654122,nan
2353.016260955984,-0.007525516551028561,nan
2353.0232054150383,-0.006057847635666332,nan
2353.030149874093,0.003753655286982972,nan
2353.0370943331473,0.004137924897671718,nan
2353.0440387922017,0.002589859245346297,nan
2353.050983251256,0.004645703340331199,nan
2353.057927710312,-0.0007234783457751616,nan
2353.0648721689013,0.0030065425327173807,nan
2353.071816627955,0.006527449046616127,nan
2353.0787610865436,0.010864083342763646,nan
2353.085705545598,0.018873235995156244,nan
2353.092650004187,0.014635267851981743,nan
2353.0995944627766,0.013736576362109964,nan
2353.1065389213663,0.016008383570511278,nan
2353.113483379489,0.012995705407532875,nan
2353.1204278380774,0.01332228824115838,nan
2353.127372296666,0.013571059589274083,nan
2353.1343167547902,0.013257500795152305,nan
2353.1412612129134,0.009656295036195592,nan
2353.148205671502,0.01269732335834424,nan
2353.1551501296262,0.007863958693728,nan
2353.1620945877503,0.004965484157631514,nan
2353.169039045873,0.005197003815913549,nan
2353.1759835039957,0.002780993703362735,nan
2353.182927961653,-0.0003185955915075249,nan
2353.189872419777,3.684691290876431e-05,nan
2353.1968168774356,-0.006648191719451534,nan
2353.2037613355587,-0.01145073028235021,nan
2353.210705793216,-0.016431482145280268,nan
2353.2176502508737,-0.021491259433282072,nan
2353.224594708531,-0.02160371798373338,nan
2353.2315391661887,-0.02114591403564122,nan
2353.238483623846,-0.018964374942371624,nan
2353.245428081038,-0.021981464499007855,nan
2353.2523725386964,-0.019617921413187377,nan
2353.259316995889,-0.014034393346521339,nan
2353.266261453081,-0.011823139023500382,nan
2353.2732059107384,-0.013321266947122162,nan
2353.28015036793,-0.010846586940135499,nan
2353.287094825122,-0.0068576534631551445,nan
2353.294039282314,-0.011061082199022153,nan
2353.3009837390405,-0.008753329269576933,nan
2353.3079281962328,-0.006485756537011219,nan
2353.314872653425,-0.00987139891752272,nan
2353.3218171101507,-0.010417245045043237,nan
2353.3287615668764,-0.010884986751141957,nan
2353.335706023603,-0.01764558807940018,nan
2353.342650480329,-0.01861176452608489,nan
2353.3495949370563,-0.01873855976533527,nan
2353.3565393937834,-0.025136019860496545,nan
2353.3634838505086,-0.018816961386860166,nan
2353.3704283072348,-0.018057847188642846,nan
2353.3773727634953,-0.017112205092122284,nan
2353.3843172197567,-0.017763328634874714,nan
2353.391261676483,-0.014009580380604668,nan
2353.3982061327442,-0.013568352800025458,nan
2353.4051505890047,-0.011545768567687721,nan
2353.412095045266,-0.014361763644273134,nan
2353.4190395015257,-0.014975641296173488,nan
2353.4259839573206,-0.011590486653262923,nan
2353.432928413582,-0.010049848008710829,nan
2353.439872869377,-0.004857925004029215,nan
2353.4468173256373,0.0031807969413740443,nan
2353.453761781432,0.0046663899260804215,nan
2353.460706237228,0.0022814767129698092,nan
2353.4676506930227,-0.00024149313065597103,nan
2353.4745951488176,-0.0036504738150452305,nan
2353.4815396046133,-0.002450752410659375,nan
2353.4884840599416,-0.001343898931336504,nan
2353.4954285157373,0.005385390075682873,nan
2353.5023729710665,0.012444351429708072,nan
2353.5093174268623,0.007052622781509749,nan
2353.5162618821905,0.006563926687637325,nan
2353.523206337519,0.00978090880574594,nan
2353.530150792849,0.009719795766280084,nan
2353.537095248179,0.010383340811841092,nan
2353.544039703508,0.011633715994193914,nan
2353.5509841583726,0.018761688868984362,nan
2353.5579286137017,0.017608988612150996,nan
2353.5648730685652,0.016606296298413748,nan
2353.571817523428,0.0208957075201108,nan
2353.578761978758,0.019478366061066413,nan
2353.5857064336224,0.021407036290671682,nan
2353.592650888486,0.019093903329501925,nan
2353.5995953428837,0.01906756782789591,nan
2353.6065397977472,0.017674991003477768,nan
2353.6134842526108,0.020813364879055364,nan
2353.6204287070077,0.01731479684587929,nan
2353.627373161872,0.012187883966183867,nan
2353.634317616271,0.014382161908949406,nan
2353.6412620706687,0.01606767764128228,nan
2353.6482065250666,0.009979055212475337,nan
2353.6551509794654,0.004258990183862148,nan
2353.662095433863,0.002253998888890366,nan
2353.6690398877954,-0.0043501192112280485,nan
2353.6759843421933,-0.0065857042242267756,nan
2353.6829287961255,-0.010334457865986888,nan
2353.689873250524,-0.011880295628390599,nan
2353.6968177044564,-0.012655047950249111,nan
2353.7037621583877,-0.011339920266580768,nan
2353.710706612321,-0.012250952384108003,nan
2353.717651066253,-0.008390819129938692,nan
2353.7245955197186,-0.005240555818662469,nan
2353.7315399736526,-0.004242526373002518,nan
2353.738484427585,-0.004624806014111176,nan
2353.7454288810513,-0.0031491290636203872,nan
2353.752373334517,-0.0004166587793978972,nan
2353.7593177879844,0.0013386316422931716,nan
2353.766262241452,0.0006712946153952168,nan
2353.7732066949184,-0.0017854029536970451,nan
2353.780151148386,7.790482798823023e-05,nan
2353.7870956018533,-0.003276236305836934,nan
2353.794040054853,-0.0077812925228640355,nan
2353.800984508319,-0.004045371316332584,nan
2353.8079289613206,-0.006972761430709601,nan
2353.8148734143224,-0.01610798357070547,nan
2353.821817867788,-0.012021978172120227,nan
2353.856540131862,-0.009831223017110133,nan
2353.8634845848637,-0.009408526972946259,nan
2353.870429037399,-0.010484412424720486,nan
2353.877373489934,-0.006432123826576659,nan
2353.8843179424694,-0.008189601372038908,nan
2353.8912623950037,-0.006165409324979873,nan
2353.8982068475398,-0.0033482703221869928,nan
2353.9051513000754,6.399844353766407e-05,nan
2353.9120957521463,0.006908167801360766,nan
2353.9190402046806,0.009477031229919747,nan
2353.92598465675,0.00943286249720907,nan
2353.9329291064923,0.003120536562028247,nan
2353.9398735585614,0.0019105111874091682,nan
2353.946818010631,0.002110847068586646,nan
2353.953762462701,0.0020564810488910325,nan
2353.960706914771,0.012898234331491756,nan
2353.9676513663762,0.017864543967686802,nan
2353.974595818445,0.01631366624671321,nan
2353.9815402700488,0.012948235932333883,nan
2353.988484722119,0.014223612275555554,nan
2353.995429173722,0.017900761431690403,nan
2354.002373625326,0.015980161695410083,nan
2354.009318076931,0.02174104600396802,nan
2354.0162625285357,0.025229371631502948,nan
2354.023206979673,0.027997650255579827,nan
2354.030151431276,0.025664585181815053,nan
2354.037095882415,0.028651169704908795,nan
2354.04404033402,0.02752319286821475,nan
2354.050984785158,0.029304170012785742,nan
2354.0579292362963,0.02674374023565177,nan
2354.064873687435,0.026525713935943575,nan
2354.071818138573,0.02335112547769754,nan
2354.078762589711,0.02193721681220846,nan
2354.085707040384,0.023670071679626762,nan
2354.0926514915227,0.019529003267663762,nan
2354.099595942196,0.01730151481588548,nan
2354.1065403933344,0.013434233297731826,nan
2354.113484844006,0.011088949172056536,nan
2354.1204292946786,0.0053298163252094855,nan
2354.127373745351,0.004347643543933057,nan
2354.1343181960256,-0.002612816509161533,nan
2354.1412626462334,-0.009199875577004683,nan
2354.148207096905,-0.011886452641615981,nan
2354.1551515475767,-0.016707271081047564,nan
2354.162095997784,-0.015002331142607874,nan
2354.1690404479923,-0.016470114889821655,nan
2354.175984898199,-0.01636862263477746,nan
2354.1829293484066,-0.013164808461246243,nan
2354.189873798614,-0.012600671394376997,nan
2354.19681824882,-0.007547954736354112,nan
2354.203762699026,-0.009430932785765178,nan
2354.210707148768,-0.00856241286616203,nan
2354.217651598976,-0.006502149751655303,nan
2354.224596048717,-0.010084616248873423,nan
2354.2315404984583,-0.011161742714015238,nan
2354.2384849481987,-0.007267048500646953,nan
2354.245429397941,-0.0035247495052929956,nan
2354.252373847682,-0.004092568852872444,nan
2354.2593182974233,-0.009243634811194432,nan
2354.2662627467,-0.01686568453286113,nan
2354.273207196441,-0.019293082862117075,nan
2354.2801516457157,-0.027909702710962644,nan
2354.2870960949913,-0.023547644747594625,nan
2354.294040544268,-0.02583775283506142,nan
2354.3009849935443,-0.02234041970941676,nan
2354.307929442819,-0.021994837271091385,nan
2354.314873892096,-0.023527564421913942,nan
2354.321818341372,-0.02211228679383323,nan
2354.328762790182,-0.019823946160152848,nan
2354.335707239457,-0.01839275080914763,nan
2354.3426516882682,-0.015727047587470837,nan
2354.3495961370772,-0.02323833016100528,nan
2354.356540585887,-0.019649496684046572,nan
2354.363485034698,-0.01574345511625941,nan
2354.370429483508,-0.010860256035534928,nan
2354.3773739318513,-0.004112462591589122,nan
2354.384318380662,-0.006926888852338969,nan
2354.391262829473,-0.0029948626409240647,nan
2354.398207277817,-0.007652569700249821,nan
2354.405151726161,-0.009373052267752383,nan
2354.4120961745057,-0.015325979166152338,nan
2354.41904062285,-0.009712721209512946,nan
2354.425985071194,-0.0028468183827398442,nan
2354.432929519538,0.006627712374477946,nan
2354.4398739674175,0.008619940222084371,nan
2354.446818415762,0.004452363970167995,nan
2354.453762863641,0.006265503057318662,nan
2354.460707311519,0.0032821321710218565,nan
2354.4676517598637,0.007224442511277657,nan
2354.4745962077423,0.011274096229461825,nan
2354.481540655621,0.01581941550162395,nan
2354.4884851030347,0.01821664334723338,nan
2354.4954295509133,0.018206261376903628,nan
2354.502373998791,0.019660532325020748,nan
2354.509318446205,0.018264992402887315,nan
2354.5162628936187,0.019470063653677032,nan
2354.5232073410316,0.018561656968737992,nan
2354.53015178891,0.017369055331647655,nan
2354.537096236323,0.018175346195053156,nan
2354.5440406832713,0.019489702964394034,nan
2354.5509851306842,0.014606690112997651,nan
2354.557929578097,0.015230044076064042,nan
2354.5648740250444,0.015983304893898015,nan
2354.5718184719917,0.015158623499021126,nan
2354.5787629194047,0.009910197647668342,nan
2354.585707366351,0.0057827343051768745,nan
2354.592651813299,0.004609770019505115,nan
2354.5995962602474,-0.002108811497800289,nan
2354.606540706729,-0.008891249102188213,nan
2354.6134851536763,-0.008277757720284877,nan
2354.620429600624,-0.014188239311357747,nan
2354.627374047105,-0.013043328750658861,nan
2354.6343184935868,-0.009893378089946996,nan
2354.6412629400693,-0.01023479471096591,nan
2354.648207386551,-0.008967393708048457,nan
2354.6551518330334,-0.005988619002146062,nan
2354.662096279513,-0.0031253706897514527,nan
2354.6690407259957,-0.0005629527665765369,nan
2354.6759851720117,-0.0007264011540007997,nan
2354.682929618494,0.00046478930449988035,nan
2354.68987406451,-0.001382462559254699,nan
2354.696818510527,0.0032940752622016498,nan
2354.7037629565425,0.004205783004178891,nan
2354.710707402558,0.0036046885231722434,nan
2354.717651848575,7.740196017719594e-05,nan
2354.724596294591,0.00451961046823075,nan
2354.7315407406068,-0.0019316709456618474,nan
2354.738485186158,-0.007753936303169666,nan
2354.7454296317082,-0.008860363599873935,nan
2354.752374077724,-0.012256217282831189,nan
2354.759318523274,-0.014268688957413192,nan
2354.766262968825,-0.014741938596043731,nan
2354.773207414376,-0.011736690815675917,nan
2354.7801518594597,-0.010414750365422491,nan
2354.78709630501,-0.012600423777844864,nan
2354.7940407505603,-0.00816750547547726,nan
2354.800985195646,-0.009140247616158455,nan
2354.80792964073,-0.010953622437968005,nan
2354.8148740858155,-0.00829498712527281,nan
2354.8218185309006,-0.004913384014935941,nan
2354.8287629759852,-0.008265705088796087,nan
2354.835707421069,-0.0016818395420995814,nan
2354.842651866154,0.005586189205944912,nan
2354.8495963107744,0.003467170380953035,nan
2354.856540755858,0.007308852916625148,nan
2354.863485200476,0.003812433499584437,nan
2354.8704296450956,0.0014227023031080574,nan
2354.877374089715,-0.0043373491948937234,nan
2354.884318534334,-0.0011074720518041495,nan
2354.891262978954,0.00042027120482682895,nan
2354.8982074235737,0.012583885527384195,nan
2354.905151867726,0.011068677347778538,nan
2354.912096312345,0.009549614872300997,nan
2354.9190407564993,0.008922253442018975,nan
2354.925985200653,0.014862158516008951,nan
2354.932929645272,0.011441336917256018,nan
2354.939874089425,0.017612639590240814,nan
2354.9468185331134,0.01915798326433463,nan
2354.953762977266,0.02333403335639173,nan
2354.960707421419,0.02285284918776731,nan
2354.9676518651077,0.023671978023143407,nan
2354.974596309262,0.02655184934830553,nan
2354.9815407529486,0.02606326843375449,nan
2354.9884851966362,0.023998353398101885,nan
2354.995429640324,0.02286430385332402,nan
2355.002374084012,0.02266173641610479,nan
2355.0093185277,0.019620328481298268,nan
2355.0162629709225,0.02206370277055237,nan
2355.0232074146106,0.02055820103013355,nan
2355.0301518578317,0.015649469150288906,nan
2355.0370963015193,0.014412572132394275,nan
2355.0440407447413,0.008643611305888872,nan
2355.050985187964,0.008575032166103776,nan
2355.057929631186,0.00430928031869697,nan
2355.0648740744073,0.00046777203900824627,nan
2355.071818517164,-0.005477996531289501,nan
2355.0787629603874,-0.009468591861933308,nan
2355.0857074031437,-0.01433723144812352,nan
2355.0926518463666,-0.013809747170948735,nan
2355.099596289123,-0.012947070479941404,nan
2355.1065407318792,-0.011111755241850693,nan
2355.1134851746347,-0.00925051553821759,nan
2355.1204296173914,-0.004940685973628935,nan
2355.127374060148,-0.00027138559030877307,nan
2355.134318502439,0.0016225324313999395,nan
2355.141262945195,0.0005721523554363464,nan
2355.148207387486,0.0014535333893713025,nan
2355.155151829777,-0.0008483507926157728,nan
2355.162096272067,0.001003260858704523,nan
2355.1690407143587,0.0034387502743502343,nan
2355.1759851566503,0.002203292904949715,nan
2355.18292959894,0.0008898148302845833,nan
2355.18987404123,-0.0015748827069334802,nan
2355.1968184830557,-0.0025099578638375676,nan
2355.2037629253473,-0.0069494386538201565,nan
2355.2107073671723,-0.012550165919591075,nan
2355.2176518089973,-0.014733527743634192,nan
2355.2245962508223,-0.011734144846295948,nan
2355.2315406926473,-0.013057901029644638,nan
2355.2384851344723,-0.014461538060939343,nan
2355.245429575832,-0.012581834130087767,nan
2355.252374017658,-0.008387399182305948,nan
2355.259318459017,-0.00869212335905133,nan
2355.266262900841,-0.009632673375793831,nan
2355.2732073422003,-0.009335645256046781,nan
2355.280151783561,-0.010443172139806993,nan
2355.287096224921,-0.006749486504107706,nan
2355.2940406662806,-0.006887324606711178,nan
2355.3009851071747,-0.0036292166202604934,nan
2355.307929548533,0.000213086737456656,nan
2355.314873989427,0.0035996221705812854,nan
2355.321818430786,0.005938761547181232,nan
2355.3287628716807,0.0033224825120783466,nan
2355.335707312574,-0.0007621818551269872,nan
2355.342651753467,-0.0062528360863840365,nan
2355.3495961943618,-0.004969289896403002,nan
2355.35654063479,0.0021626356977822864,nan
2355.3634850756844,0.007618011951571264,nan
2355.370429516578,0.010213331507227606,nan
2355.377373957006,0.006841012813630108,nan
2355.384318397433,0.0037637133641511833,nan
2355.391262837861,0.00531109974441684,nan
2355.3982072782906,0.01105320219814758,nan
2355.405151718719,0.012514713480087664,nan
2355.412096159146,0.013237392664347418,nan
2355.419040599108,0.011114591838290774,nan
2355.4259850395365,0.015064377100792777,nan
2355.4329294794998,0.01587214197291672,nan
2355.439873919928,0.01635603625467797,nan
2355.44681835989,0.014430280324942237,nan
2355.4537627998534,0.01649268250772159,nan
2355.460707239815,0.015004997471738245,nan
2355.4676516793106,0.015303307803703634,nan
2355.474596119275,0.010094928624619935,nan
2355.481540559238,0.008420044112640877,nan
2355.488484998734,0.01082076702677047,nan
2355.4954294382296,0.0041117882033453665,nan
2355.502373877727,0.006303298204354848,nan
2355.50931831769,0.0063528069788782,nan
2355.5162627567206,0.011218363172024466,nan
2355.523207196218,0.0014404266453853613,nan
2355.530151635715,-0.0032693326149304605,nan
2355.537096074746,-0.017304475682675544,nan
2355.5440405142417,-0.02056390987892208,nan
2355.5509849532746,-0.020491103172492336,nan
2355.5579293923056,-0.020493287309604622,nan
2355.5648738313366,-0.01954225358933355,nan
2355.5718182703667,-0.020057692566736993,nan
2355.5787627093987,-0.02431179176325075,nan
2355.5857071484297,-0.019032352627516444,nan
2355.5926515874608,-0.01424130103626682,nan
2355.599596026026,-0.010508295658077378,nan
2355.6065404645924,-0.012310694694588918,nan
2355.613484903623,-0.013806038323731569,nan
2355.620429342188,-0.011578023777660058,nan
2355.627373780754,-0.013848961275790442,nan
2355.634318218855,-0.00800182082651222,nan
2355.6412626574192,-0.009887794609596826,nan
2355.6482070959846,-0.008860692435396549,nan
2355.6551515340852,-0.00849297046355283,nan
2355.6620959726497,-0.01550994286880196,nan
2355.6690404107503,-0.015389073688342886,nan
2355.67598484885,-0.02281043382576573,nan
2355.6829292869497,-0.024327476468253006,nan
2355.6898737250503,-0.025087482671997965,nan
2355.696818163149,-0.019566432495221636,nan
2355.7037626007846,-0.02091630458797053,nan
2355.710707038884,-0.021799778616029143,nan
2355.717651476517,-0.02177508767308757,nan
2355.724595914152,-0.016192115657509352,nan
2355.731540351787,-0.011396044252509174,nan
2355.738484789421,-0.01740445728619114,nan
2355.745429227054,-0.01689182230002132,nan
2355.752373664688,-0.012995378273416191,nan
2355.759318102323,-0.010886116113498476,nan
2355.766262539491,-0.008110925223272475,nan
2355.773206977125,0.0009086907217144453,nan
2355.780151414295,0.002832349047590034,nan
2355.7870958514623,-0.0021849976655314296,nan
2355.7940402886297,0.002060187736077322,nan
2355.8009847257995,-0.007020894344514347,nan
2355.8079291629692,-0.005567072895402408,nan
2355.8148736001367,-0.0029226243900489293,nan
2355.821818036839,-0.0017859890657551877,nan
2355.828762474008,0.004372763365744291,nan
2355.835706910711,0.011046410272742727,nan
2355.842651347414,0.00940500567030278,nan
2355.849595784116,0.010335204432824364,nan
2355.8565402208187,0.010317183939235041,nan
2355.8634846575223,0.012999300006366704,nan
2355.8704290937594,0.01507621084316614,nan
2355.877373530462,0.02124948361315722,nan
2355.8843179671658,0.022732125504599014,nan
2355.891262403403,0.023784958247091932,nan
2355.898206839639,0.02422362951627937,nan
2355.9051512758765,0.02846613096660556,nan
2355.912095712114,0.02934148311213141,nan
2355.919040148351,0.027514105510089634,nan
2355.925984584589,0.029033112113287185,nan
2355.9329290203605,0.025104051588848056,nan
2355.9398734565966,0.02688479612739499,nan
2355.946817892368,0.02696345146463588,nan
2355.9537623281403,0.021410763769498495,nan
2355.9607067639117,0.021987670130080666,nan
2355.967651199683,0.022483711823709042,nan
2355.9745956354536,0.020432243840795204,nan
2355.981540071226,0.01549846079418202,nan
2355.9884845065317,0.010294858975906533,nan
2355.995428942304,0.004012650871844648,nan
2356.0023733776097,0.002922251228593714,nan
2356.009317813381,-0.0027059331046137697,nan
2356.016262248687,-0.005873813506296181,nan
2356.0232066839917,-0.010339723694240084,nan
2356.0301511192993,-0.009317563543540401,nan
2356.0370955541393,-0.009870968615979279,nan
2356.044039989444,-0.00687254369239082,nan
2356.0509844242843,-0.011147974147106082,nan
2356.057928859591,-0.004624915988458253,nan
2356.064873294432,-0.004018571820201537,nan
2356.071817729271,-0.0008856648517610449,nan
2356.078762164111,-0.0012904510571886546,nan
2356.085706598952,-0.0024275222776529784,nan
2356.092651033792,-0.00042937040206581303,nan
2356.0995954681657,0.0008015023553550014,nan
2356.1065399030067,0.0015787695656370344,nan
2356.113484337381,-0.0010010258224711285,nan
2356.120428772221,0.001697431939827701,nan
2356.1273732065947,2.1308989454557614e-06,nan
2356.1343176409705,-0.005378982019458148,nan
2356.1412620753454,-0.010711779027701568,nan
2356.148206509253,-0.017571259536013416,nan
2356.155150943628,-0.016353339535085505,nan
2356.162095378003,-0.015547572072138367,nan
2356.1690398119117,-0.013312761129477386,nan
2356.1759842458214,-0.014267831211173237,nan
2356.182928680195,-0.013955802138923806,nan
2356.1898731141036,-0.007870487089702737,nan
2356.1968175480133,-0.012416500150761053,nan
2356.2037619814564,-0.009862139412556495,nan
2356.210706415366,-0.01110219237818133,nan
2356.217650849274,-0.01001617160863463,nan
2356.224595282716,-0.010032047557890736,nan
2356.2315397161606,-0.009920504914935197,nan
2356.238484149604,-0.0007139602749192259,nan
2356.245428583513,0.004062898795806184,nan
2356.2523730164894,0.007787077732207645,nan
2356.259317449933,0.003440789886645576,nan
2356.2662618833774,-0.0005597188547596908,nan
2356.2732063168196,0.00036533651929592653,nan
2356.280150749798,-0.0014592308529575784,nan
2356.2870951827754,-0.002757808113811676,nan
2356.294039615752,0.007001401206691307,nan
2356.300984049195,0.011290133794982195,nan
2356.3079284821733,0.008610474294180489,nan
2356.314872914686,0.00895689518722657,nan
2356.3218173476625,0.006260571273809294,nan
2356.328761780639,0.004032986094602415,nan
2356.3357062131518,0.01277494424606838,nan
2356.342650645664,0.018209255957238303,nan
2356.349595078642,0.01657940556454011,nan
2356.3565395111527,0.020127321114395948,nan
2356.3634839436654,0.018542162126997067,nan
2356.370428376177,0.022282485561756278,nan
2356.3773728082233,0.024537553235809875,nan
2356.3843172407355,0.022359802567525334,nan
2356.391261672781,0.021212516735912963,nan
2356.398206105293,0.02034672810008867,nan
2356.405150537339,0.019578206153192897,nan
2356.412094969385,0.018173289288874597,nan
2356.419039401432,0.01588286784143669,nan
2356.4259838334783,0.012736023733805443,nan
2356.432928265524,0.014965445494812515,nan
2356.439872697105,0.013433806636524617,nan
2356.446817129151,0.009375117830600896,nan
2356.4537615607323,0.0008779701718698019,nan
2356.460705992313,-0.0024313579470487366,nan
2356.4676504238932,-0.005612164785769751,nan
2356.4745948554737,-0.010825529917311623,nan
2356.481539287054,-0.012169054883875569,nan
2356.488483718635,-0.01841604980959052,nan
2356.495428150215,-0.012982035480187164,nan
2356.50237258133,-0.015172054051358623,nan
2356.5093170129103,-0.012736320241652669,nan
2356.516261444026,-0.01443226748012709,nan
2356.523205875141,-0.013432870195594138,nan
2356.5301503062547,-0.008577724213253878,nan
2356.53709473737,-0.004326528201625865,nan
2356.544039168485,-0.005861084646452623,nan
2356.550983599135,-0.0035373612547409776,nan
2356.557928030249,-0.006824370557824255,nan
2356.564872460898,-0.0036378989494045937,nan
2356.571816891548,-0.0054908548669331675,nan
2356.578761322662,-0.004091010957059979,nan
2356.585705753312,-0.005563570788008839,nan
2356.5926501834956,0.013243537099462764,nan
2356.599594614144,0.008292429677110583,nan
2356.606539044793,-0.007780427190859904,nan
2356.6134834749773,-0.017595330148061167,nan
2356.6204279056274,-0.017844378544071615,nan
2356.62737233581,-0.019834268097735055,nan
2356.6343167659934,-0.019406973099039423,nan
2356.6412611961778,-0.02011151189491689,nan
2356.6482056263612,-0.019815630498852904,nan
2356.6551500565447,-0.01732580501112048,nan
2356.662094486728,-0.01866974168104915,nan
2356.669038916446,-0.01708224443280066,nan
2356.6759833466303,-0.018091853215479743,nan
2356.6829277763472,-0.016098601727886457,nan
2356.689872206066,-0.017235929551077875,nan
2356.6968166357838,-0.013917609075793938,nan
2356.7037610655007,-0.011353449721958599,nan
2356.7107054952194,-0.0069463660285283,nan
2356.717649924938,-0.007208002616688622,nan
2356.7245943541902,-0.00019728759123693526,nan
2356.731538783907,-0.007158580430559152,nan
2356.7384832131593,-0.009818147795105814,nan
2356.7454276424123,-0.0131833263746136,nan
2356.752372071664,-0.008886319595461177,nan
2356.7593165009157,-0.001014185426145238,nan
2356.766260930168,0.002720048090555212,nan
2356.7732053589552,-0.005462866760547462,nan
2356.7801497882074,-0.0025777335763301316,nan
2356.787094216995,0.0009087681394769308,nan
2356.794038646247,0.004366751187649016,nan
2356.8009830750316,0.0032924388939459294,nan
2356.807927503819,0.007017611620597133,nan
2356.814871932606,0.007576121075665788,nan
2356.821816361393,0.01296328468287904,nan
2356.8287607901793,0.012397978910305238,nan
2356.8357052184992,0.013075292922039957,nan
2356.8426496472866,0.01716738862683027,nan
2356.8495940756084,0.014889640114205818,nan
2356.856538503929,0.013610158410244943,nan
2356.86348293225,0.014615647326428456,nan
2356.870427360571,0.017463674891712286,nan
2356.8773717888917,0.015684909214086995,nan
2356.884316217212,0.009636616621222852,nan
2356.8912606450667,0.012285812010680217,nan
2356.898205073388,0.00796775832400191,nan
2356.9051495012427,0.013316207425689643,nan
2356.9120939290997,0.01668708657998448,nan
2356.919038356955,0.010047244178218246,nan
2356.925982784809,-0.0001407411391051716,nan
2356.9329272126643,-0.004271456834492406,nan
2356.9398716405203,-0.009965582488300099,nan
2356.94681606791,-0.009279804332071498,nan
2356.953760495765,-0.018755987117591445,nan
2356.960704923154,-0.01807120983957355,nan
2356.9676493505435,-0.017076074236187393,nan
2356.974593778399,-0.014082250367781404,nan
2356.9815382057886,-0.013935065153251807,nan
2356.9884826327134,-0.010010017142203967,nan
2356.995427060103,-0.007018413566843691,nan
2357.0023714874924,-0.004051946442950802,nan
2357.009315914416,-0.00645422460948835,nan
2357.0162603418057,-0.00147538181936447,nan
2357.0232047687296,-0.0009568861960008411,nan
2357.0301491956534,-0.0044932357336261095,nan
2357.0370936225772,-0.0005909742353024314,nan
2357.044038049501,0.0013157248848780743,nan
2357.05098247596,-0.0028177673046693545,nan
2357.057926902883,-0.004674868768670987,nan
2357.0648713293413,-0.004274733250922633,nan
2357.071815756266,-0.009194032057687592,nan
2357.078760182724,-0.01362003442937542,nan
2357.0857046091833,-0.01710427547098398,nan
2357.092649035641,-0.015287535449537482,nan
2357.0995934620987,-0.012168357281544438,nan
2357.106537888557,-0.013321115705613742,nan
2357.1134823145503,-0.010207982244738185,nan
2357.1204267410085,-0.009519431399007895,nan
2357.127371167,-0.0051601537695916515,nan
2357.1343155929926,-0.011263183968232074,nan
2357.1412600194517,-0.005713616916190621,nan
2357.148204445445,-0.00894531906482576,nan
2357.155148870971,-0.009251852938876974,nan
2357.1620932969627,-0.0009170857663994454,nan
2357.169037722956,0.0005663966150559752,nan
2357.175982148484,0.0048321949085730655,nan
2357.1829265744764,0.009568854652111606,nan
2357.189871000003,0.009834942183647936,nan
2357.19681542553,0.005996313628872922,nan
2357.203759851057,0.0033374763853662864,nan
2357.210704276584,0.0008278723891091272,nan
2357.2176487021097,0.005317945225795484,nan
2357.224593127172,0.007940832095114744,nan
2357.2315375526987,0.011443703389346527,nan
2357.23848197776,0.020470047059644975,nan
2357.245426400028,0.010990468635265458,nan
2357.252370825089,0.013551852778588343,nan
2357.2593152501504,0.010876899630232195,nan
2357.2662596752116,0.017594476242534143,nan
2357.2732041002737,0.01694718542613942,nan
2357.2801485248683,0.024343406609003106,nan
2357.2870929499286,0.026487043897694698,nan
2357.294037374525,0.023226250128669336,nan
2357.300981799121,0.026056594519988197,nan
2357.3079262241827,0.026369791405624225,nan
2357.3148706487773,0.024598542333583124,nan
2357.321815072907,0.02202984298923463,nan
2357.3287594975027,0.022922181922983623,nan
2357.335703922099,0.025157382681556165,nan
2357.3426483462295,0.02059909015396976,nan
2357.349592770825,0.020316147973663944,nan
2357.3565371949544,0.0158873432005998,nan
2357.3634816190843,0.016752071760260986,nan
2357.370426043214,0.013894855085096698,nan
2357.377370467345,0.015706303740520098,nan
2357.384314891474,0.009904164277217069,nan
2357.3912593151385,0.007316962643100437,nan
2357.398203739269,-0.003109992067711089,nan
2357.405148162933,-0.0036643978937013454,nan
2357.412092587063,-0.006447802653623033,nan
2357.4190370107262,-0.006169668213829846,nan
2357.4259814343923,-0.014135653314637227,nan
2357.432925858056,-0.011583227635216686,nan
2357.439870281253,-0.012434396642014543,nan
2357.4468147049183,-0.01171875611921721,nan
2357.453759128118,-0.009841140302334309,nan
2357.460703551782,-0.00924247853082695,nan
2357.467647974981,-0.007297644320214389,nan
2357.474592398179,-0.004214640261885363,nan
2357.4815368213767,-0.002034891051186743,nan
2357.488481244576,-0.004071192273449098,nan
2357.4954256677756,-0.001993826610873096,nan
2357.5023700909733,-0.0029556488966805197,nan
2357.509314513706,0.0016635499490814387,nan
2357.516258936439,-0.0024544388997935693,nan
2357.523203359638,-0.004148036732549369,nan
2357.5301477823723,-0.008043031693221361,nan
2357.5370922051043,-0.008643430008176307,nan
2357.5440366278362,-0.015296613821396389,nan
2357.5509810501053,-0.020113917222414124,nan
2357.557925472838,-0.018960646097943967,nan
2357.5648698955692,-0.020356279496554264,nan
2357.571814317837,-0.017689790529254075,nan
2357.5787587401046,-0.01644437775057763,nan
2357.585703162372,-0.016578931688472624,nan
2357.592647584639,-0.016714033695906752,nan
2357.599592006907,-0.014943246930842834,nan
2357.6065364291744,-0.01580652221480444,nan
2357.6134808514407,-0.012709187839067186,nan
2357.620425273243,-0.018210113551210896,nan
2357.6273696955104,-0.014140905142061712,nan
2357.634314117311,-0.007990617383033728,nan
2357.6412585391126,-0.004709170550513661,nan
2357.6482029609156,-0.002627235222534781,nan
2357.6551473827176,-0.001388189556424186,nan
2357.6620918045182,-0.0018889948868450884,nan
2357.669036225854,-0.007904727923263452,nan
2357.6759806476566,-0.011406685068652778,nan
2357.682925068993,-0.01072503460295192,nan
2357.689869490328,-0.0038042431970381815,nan
2357.6968139116643,0.0007692281664445147,nan
2357.703758333,0.0058201368064665915,nan
2357.710702754336,-0.0004074229076400544,nan
2357.717647175671,0.002336075697564135,nan
2357.7245915970075,0.00042094901218709194,nan
2357.731536017878,0.002186112897376375,nan
2357.7384804387493,0.0072940967448957075,nan
2357.745424860085,0.012786201187168573,nan
2357.7523692809555,0.015165832850385759,nan
2357.759313701825,0.017783534502093724,nan
2357.766258122695,0.013990607145412632,nan
2357.7732025431005,0.01698456218067004,nan
2357.7801469639708,0.0188360694611258,nan
2357.7870913843753,0.017649595012431317,nan
2357.7940358052447,0.01730397011584414,nan
2357.80098022565,0.014632223273128592,nan
2357.8079246460557,0.011986433622820016,nan
2357.8148690664593,0.014624455291995547,nan
2357.821813486864,0.010961212460449966,nan
2357.8287579072694,0.00688030183686051,nan
2357.8357023272083,0.009990330946247478,nan
2357.842646747612,0.005480477672171483,nan
2357.849591167551,0.007321723675517554,nan
2357.8565355874907,0.0033416983187227606,nan
2357.8634800074296,-0.0019740891121888243,nan
2357.8704244273677,-0.009272096456764588,nan
2357.877368847307,-0.012327344136189168,nan
2357.8843132672473,-0.01838052834711567,nan
2357.891257687186,-0.020350416108138,nan
2357.8982021066595,-0.021346390757854935,nan
2357.9051465261327,-0.018402353049588396,nan
2357.9120909460707,-0.019141781764083557,nan
2357.919035365544,-0.01811896842223722,nan
2357.925979785018,-0.013816961728984996,nan
2357.9329242040258,-0.009267259326481068,nan
2357.939868623498,-0.006074168019857634,nan
2357.9468130429723,-0.005875636019094783,nan
2357.95375746198,-0.012177437422192832,nan
2357.9607018809875,-0.0048253068752958615,nan
2357.96764630046,-0.005952277204061884,nan
2357.9745907194683,-0.00823853446376298,nan
2357.981535138477,-0.006172259254361809,nan
2357.9884795570188,-0.006371395627580503,nan
2357.9954239760254,-0.012634392851991336,nan
2358.002368395033,-0.016630041434869847,nan
2358.009312813576,-0.022814016358017764,nan
2358.016257232118,-0.02278422576298556,nan
2358.0232016511254,-0.023062503948886592,nan
2358.0301460696674,-0.024077043022365803,nan
2358.0370904882093,-0.018461147500491874,nan
2358.0440349062847,-0.021818631370788242,nan
2358.0509793248266,-0.02155345500940261,nan
2358.057923743369,-0.016296502704103436,nan
2358.0648681614457,-0.016431926517801697,nan
2358.071812579522,-0.020644799469975092,nan
2358.078756997599,-0.017318836123644883,nan
2358.0857014156754,-0.015886144716221132,nan
2358.092645833751,-0.013075367357998854,nan
2358.099590251828,-0.00861036581273426,nan
2358.106534669905,-0.0028974187788544936,nan
2358.113479087515,-0.0031387962056363093,nan
2358.12042350559,0.00011210717491666466,nan
2358.1273679232017,0.0014389782624867967,nan
2358.1343123408133,-0.007343778826144532,nan
2358.141256758423,-0.004953771140066898,nan
2358.1482011760327,-0.006071692985960182,nan
2358.155145593644,-0.006293068872732838,nan
2358.16209001079,0.0035069405213695205,nan
2358.1690344284007,0.006400159904778824,nan
2358.1759788455447,0.009155950912001058,nan
2358.1829232626897,0.010164124974076167,nan
2358.1898676798346,0.006159433062363277,nan
2358.19681209698,0.011034209127958817,nan
2358.2037565141254,0.016699997208594185,nan
2358.2107009312704,0.01811206709133538,nan
2358.2176453479497,0.0193379130744908,nan
2358.2245897650937,0.026326292060873814,nan
2358.231534181774,0.022345095744402993,nan
2358.238478598453,0.024922496055226007,nan
2358.245423015132,0.022600143483156913,nan
2358.2523674318127,0.021347059401060974,nan
2358.2593118484915,0.02360479921152644,nan
2358.2662562651703,0.023145221241679823,nan
2358.273200681384,0.02017633128929837,nan
2358.280145098064,0.021902948216774586,nan
2358.2870895142787,0.01982975007818674,nan
2358.2940339304914,0.01864623037240921,nan
2358.300978346705,0.017853577717308465,nan
2358.3079227629187,0.017688144998159867,nan
2358.314867179133,0.011316175823437552,nan
2358.321811595346,0.008796084327207448,nan
2358.328756011094,0.0035924200971983455,nan
2358.335700427308,-0.002081309896936459,nan
2358.3426448430564,-0.006930575957405151,nan
2358.3495892588035,-0.010814106458462543,nan
2358.3565336745514,-0.011231922761681085,nan
2358.3634780903003,-0.013319893714267526,nan
2358.3704225055817,-0.01005265510334286,nan
2358.3773669213297,-0.007996072305644215,nan
2358.3843113370776,-0.010841189297808883,nan
2358.391255752361,-0.0016822151633960163,nan
2358.398200167643,0.00013422715517030434,nan
2358.405144582925,-0.00026234916036175886,nan
2358.4120889982078,0.0012389449979096495,nan
2358.41903341349,0.0013626063513364692,nan
2358.4259778287724,0.0010947580374630547,nan
2358.4329222435895,0.0015255274177606581,nan
2358.4398666584057,0.008011773617986512,nan
2358.446811073688,0.0018896460727443679,nan
2358.453755488505,-0.0007663702535303553,nan
2358.460699903322,0.0029850338960895687,nan
2358.467644318139,0.0008830683349547661,nan
2358.4745887329545,-0.00991967603394267,nan
2358.4815331473064,-0.0065231162332729485,nan
2358.488477562124,-0.011638288429531858,nan
2358.495421976474,-0.008919830433362072,nan
2358.502366390824,-0.007965133152214497,nan
2358.509310805176,-0.009707716065611605,nan
2358.516255219528,-0.011304888466380138,nan
2358.523199633878,-0.008769043266220432,nan
2358.530144048229,-0.0065059526156569444,nan
2358.537088462115,-0.004006368488977483,nan
2358.544032876466,-0.007369090462242708,nan
2358.5509772903506,-0.008451983842538636,nan
2358.557921704236,-0.004983160544551779,nan
2358.564866118122,-0.004196869771735539,nan
2358.571810532007,0.002241922882597315,nan
2358.578754945892,0.003634055316075316,nan
2358.585699359777,0.009892169835099746,nan
2358.592643773198,0.008676108899654478,nan
2358.599588186617,0.0014828942459410924,nan
2358.6065326005037,-0.005408767749350275,nan
2358.6134770139233,-0.0032768114981111818,nan
2358.620421427342,-4.9260096149993104e-05,nan
2358.6273658407617,0.004551017691325994,nan
2358.6343102537166,0.009086190573124587,nan
2358.6412546671363,0.009200900993822234,nan
2358.6481990800894,0.003757573085048472,nan
2358.6551434930443,0.011397137335959467,nan
2358.662087906464,0.0068772215686656885,nan
2358.669032319417,0.012726804601521736,nan
2358.675976732371,0.010957930816856143,nan
2358.6829211448603,0.014826662091170485,nan
2358.689865557815,0.01785337629608779,nan
2358.6968099703026,0.019285721546515092,nan
2358.7037543832557,0.016717306080656365,nan
2358.710698795745,0.019582961692536562,nan
2358.717643208234,0.018144804099735175,nan
2358.7245876207216,0.01632107613674136,nan
2358.73153203321,0.016288061213179855,nan
2358.7384764452327,0.012761867391001706,nan
2358.745420857722,0.011517111795385539,nan
2358.7523652697437,0.012913213866343226,nan
2358.7593096817664,0.00811036750563928,nan
2358.76625409379,0.008552801873949245,nan
2358.7731985058117,0.005578944238195386,nan
2358.7801429178344,0.0042264708112826,nan
2358.787087329857,-0.0014406976318183037,nan
2358.7940317418806,-0.004541880657219787,nan
2358.8009761534377,-0.012533674212141311,nan
2358.8079205649947,-0.014778559279504586,nan
2358.8148649765517,-0.01765323344789357,nan
2358.8218093881087,-0.02190452080228503,nan
2358.8287537996657,-0.01977366762385004,nan
2358.8356982112227,-0.024910914449372018,nan
2358.842642622314,-0.02167274129991429,nan
2358.849587033871,-0.019920205066308205,nan
2358.856531444962,-0.015092424801224337,nan
2358.863475856054,-0.010917940625444758,nan
2358.870420267145,-0.007547324383132076,nan
2358.8773646782356,-0.011459169869249865,nan
2358.884309089329,-0.013005438310901101,nan
2358.89125350042,-0.008044941237812058,nan
2358.898197911045,-0.011654051908531391,nan
2358.9051423216706,-0.010209881207820813,nan
2358.912086732297,-0.013127045123337469,nan
2358.919031143389,-0.010197913721996396,nan
2358.9259755535486,-0.012550901830644888,nan
2358.9329199641743,-0.015889565363340935,nan
2358.939864374801,-0.024192618807061295,nan
2358.946808784961,-0.025298293296289083,nan
2358.95375319512,-0.028253134601376892,nan
2358.9606976057457,-0.02540063664489541,nan
2358.9676420159067,-0.023605922020968534,nan
2358.9745864260667,-0.024203768595257084,nan
2358.98153083576,-0.022624529545884845,nan
2358.98847524592,-0.026117200187390773,nan
2358.995419655615,-0.01940784613935051,nan
2359.0023640657746,-0.018162494413883224,nan
2359.00930847547,-0.019374375053364125,nan
2359.0162528851642,-0.02254546252556993,nan
2359.0231972948577,-0.024385575256362153,nan
2359.0301417040873,-0.018223543170959255,nan
2359.0370861137817,-0.010508257189972739,nan
2359.0440305230104,-0.0053226036984719595,nan
2359.050974932705,-0.004025331538951522,nan
2359.057919341933,0.0015601025735203639,nan
2359.064863751162,-0.005362524976221392,nan
2359.071808160391,-0.010848574236084707,nan
2359.078752569154,-0.008255364720153313,nan
2359.0856969783836,-0.006299001921203938,nan
2359.0926413871466,-0.00210902741733799,nan
2359.0995857963753,0.004747331429222172,nan
2359.1065302051384,0.0034386614257151046,nan
2359.1134746139014,0.004911642716561915,nan
2359.120419022199,0.007005931633963052,nan
2359.127363430961,0.006962479338555112,nan
2359.134307839724,0.012648555952653233,nan
2359.1412522480223,0.012800724341810583,nan
2359.1481966563197,0.01599443170478656,nan
2359.155141064616,0.015816135407962232,nan
2359.1620854729144,0.016103599687824974,nan
2359.1690298812127,0.019076032297367103,nan
2359.1759742890436,0.02126083782992892,nan
2359.18291869734,0.021968694011659733,nan
2359.1898631051727,0.01663925266593634,nan
2359.1968075130044,0.018296848631328848,nan
2359.203751920835,0.015696149806712398,nan
2359.210696328668,0.015148874862949436,nan
2359.2245851438656,0.011635197011023724,nan
2359.2315295516973,0.013762801062282046,nan
2359.2384739590634,0.009875671313535953,nan
2359.2454183664304,0.007416659676696181,nan
2359.2523627737955,0.0020194811948590595,nan
2359.259307180695,0.002992688274826162,nan
2359.266251588062,-0.006433141805807462,nan
2359.2731959949633,-0.011107472309727202,nan
2359.2801404023285,-0.01190440053963382,nan
2359.287084809229,-0.014567889183011593,nan
2359.29402921613,-0.01490133528828217,nan
2359.3009736230306,-0.015695201328868078,nan
2359.3079180294653,-0.013406656864406834,nan
2359.3148624363657,-0.014639124957340915,nan
2359.3218068428014,-0.013878535627821473,nan
2359.328751249235,-0.010642684643301387,nan
2359.3356956556695,-0.006371776084548669,nan
2359.3426400621047,-0.0031528424923955647,nan
2359.3495844685403,-0.005612513624341328,nan
2359.356528874509,-0.0017942744773309371,nan
2359.3634732804776,-0.001973024803979595,nan
2359.3704176864467,-0.0027354998763823735,nan
2359.3773620924158,0.002288953579212813,nan
2359.384306498385,-0.006111667062668087,nan
2359.391250904354,-0.0015721578494043847,nan
2359.3981953098582,-0.003721382631837449,nan
2359.4051397158273,-0.01381474375581418,nan
2359.41208412133,-0.015252571491283354,nan
2359.4190285268332,-0.015309690711578856,nan
2359.4259729323367,-0.015422445747943624,nan
2359.4329173373753,-0.014243688965440978,nan
2359.4398617428787,-0.0160853389032641,nan
2359.4468061479165,-0.01665145604969377,nan
2359.4537505529543,-0.013827228366845998,nan
2359.460694957991,-0.011278655325654724,nan
2359.46763936303,-0.008396373277426719,nan
2359.4745837680675,-0.010055201307032462,nan
2359.4815281726387,-0.012081147079346582,nan
2359.4884725772117,-0.008621376584328967,nan
2359.4954169817847,-0.009841292596851334,nan
2359.502361386356,-0.0021255880401612817,nan
2359.5093057909276,0.0015308767082474438,nan
2359.5162501955006,0.0020591989601101146,nan
2359.523194599607,0.00555348674821168,nan
2359.530139003713,0.005346284981130253,nan
2359.5370834078194,-0.001772230515953998,nan
2359.5440278119268,-0.0031241291244094513,nan
2359.550972216033,-0.003221149047031656,nan
2359.557916619673,0.0015135510263841745,nan
2359.5648610233147,0.011455236961254854,nan
2359.5718054269564,0.009803358587325041,nan
2359.5787498305963,0.010541230551918693,nan
2359.585694234236,0.013973027874559247,nan
2359.592638637878,0.012646067208463813,nan
2359.599583041053,0.013704357470811689,nan
2359.606527444227,0.017048328473586522,nan
2359.6134718474023,0.022586552193897203,nan
2359.6204162505783,0.024578770819824507,nan
2359.6273606537543,0.023666526870375786,nan
2359.634305056463,0.025514914843354337,nan
2359.6412494591723,0.02339769785654651,nan
2359.6481938618817,0.027829773786896272,nan
2359.655138264591,0.029168165388306258,nan
2359.6620826673006,0.02339134482081261,nan
2359.669027069544,0.02128224507573532,nan
2359.675971471788,0.02574819571768068,nan
2359.682915874032,0.024049911130524272,nan
2359.689860276276,0.021658091979698067,nan
2359.6968046785196,0.01943199749630967,nan
2359.7037490802977,0.01783663977470905,nan
2359.710693482541,0.01641043902207264,nan
2359.7176378843196,0.01003988352339398,nan
2359.724582285633,0.007820981062647732,nan
2359.731526687411,0.0043107752201226035,nan
2359.7384710887227,-0.0004833090754358671,nan
2359.745415490501,-0.008375335088118638,nan
2359.752359891814,-0.008122055946522926,nan
2359.759304292661,-0.004634676462241159,nan
2359.7662486939726,-0.006177046732007495,nan
2359.7731930948194,-0.007878618875829503,nan
2359.780137495667,-0.004034851114681562,nan
2359.787081896514,-0.005456046176457587,nan
2359.7940262973607,0.001185196670365908,nan
2359.800970697742,0.001331820511496197,nan
2359.8079150985877,0.0015743012352528174,nan
2359.81485949897,0.0033399669844665567,nan
2359.821803899351,0.0014255605213483492,nan
2359.8287482992664,0.002569610066786361,nan
2359.8356926996466,0.001974062723060048,nan
2359.842637099563,0.0033440393734571125,nan
2359.8495814994776,-0.0013487913473759529,nan
2359.8565258989283,0.002068305667748037,nan
2359.863470298844,-0.004472252423599152,nan
2359.8704146982936,-0.008078566728864783,nan
2359.877359097743,-0.01257581884753554,nan
2359.8843034971933,-0.016103790905843605,nan
2359.891247896177,-0.016201373434644728,nan
2359.8981922951607,-0.013905209693919542,nan
2359.9051366941458,-0.017653668392940455,nan
2359.91208109313,-0.021076337875835644,nan
2359.9190254921145,-0.01738184366839154,nan
2359.925969890633,-0.01576116531283939,nan
2359.932914289151,-0.01477238691790985,nan
2359.9398586876696,-0.011877787821794168,nan
2359.9468030857233,-0.01575527278568359,nan
2359.953747484241,-0.011087020137676037,nan
2359.9606918822938,-0.013514372932784152,nan
2359.967636279881,-0.004277001625503034,nan
2359.974580677934,0.002074090719054865,nan
2359.981525075521,0.001152039511941861,nan
2359.988469473108,0.005247555932293223,nan
2359.995413870696,0.0029763568137500564,nan
2360.0023582678177,-0.0004744605115899955,nan
2360.0093026649392,-0.0022505842270521687,nan
2360.01624706206,-0.003921617039092613,nan
2360.0231914591823,-0.002091738745457254,nan
2360.030135855838,0.0034472757077812916,nan
2360.037080252493,0.0056216370836321,nan
2360.044024649149,0.001521998353895257,nan
2360.050969045805,-0.0008312352430898395,nan
2360.057913441995,-0.0003773734929230013,nan
2360.064857838185,0.0036101534326408793,nan
2360.0718022339106,0.008169925656771715,nan
2360.078746630101,0.008093510164486714,nan
2360.0856910258253,0.011260356679259599,nan
2360.092635421084,0.010967455175904275,nan
2360.0995798168087,0.015308828072899142,nan
